Applications Graphics Acceleration Info:
Uptime: 126982688 Realtime: 126982688

** Graphics info for pid 443 [works.mees.dinghy] **

Stats since: 126962229926308ns
Total frames rendered: 711
Janky frames: 22 (3.09%)
50th percentile: 8ms
90th percentile: 11ms
95th percentile: 14ms
99th percentile: 22ms
Number Missed Vsync: 1
Number High input latency: 678
Number Slow UI thread: 4
Number Slow bitmap uploads: 1
Number Slow issue draw commands: 4
Number Frame deadline missed: 10
HISTOGRAM: 5ms=21 6ms=121 7ms=193 8ms=149 9ms=128 10ms=25 11ms=17 12ms=7 13ms=10 14ms=6 15ms=9 16ms=3 17ms=1 18ms=7 19ms=2 20ms=2 21ms=2 22ms=1 23ms=1 24ms=3 25ms=1 26ms=2 27ms=0 28ms=0 29ms=0 30ms=0 31ms=0 32ms=0 34ms=0 36ms=0 38ms=0 40ms=0 42ms=0 44ms=0 46ms=0 48ms=0 53ms=0 57ms=0 61ms=0 65ms=0 69ms=0 73ms=0 77ms=0 81ms=0 85ms=0 89ms=0 93ms=0 97ms=0 101ms=0 105ms=0 109ms=0 113ms=0 117ms=0 121ms=0 125ms=0 129ms=0 133ms=0 150ms=0 200ms=0 250ms=0 300ms=0 350ms=0 400ms=0 450ms=0 500ms=0 550ms=0 600ms=0 650ms=0 700ms=0 750ms=0 800ms=0 850ms=0 900ms=0 950ms=0 1000ms=0 1050ms=0 1100ms=0 1150ms=0 1200ms=0 1250ms=0 1300ms=0 1350ms=0 1400ms=0 1450ms=0 1500ms=0 1550ms=0 1600ms=0 1650ms=0 1700ms=0 1750ms=0 1800ms=0 1850ms=0 1900ms=0 1950ms=0 2000ms=0 2050ms=0 2100ms=0 2150ms=0 2200ms=0 2250ms=0 2300ms=0 2350ms=0 2400ms=0 2450ms=0 2500ms=0 2550ms=0 2600ms=0 2650ms=0 2700ms=0 2750ms=0 2800ms=0 2850ms=0 2900ms=0 2950ms=0 3000ms=0 3050ms=0 3100ms=0 3150ms=0 3200ms=0 3250ms=0 3300ms=0 3350ms=0 3400ms=0 3450ms=0 3500ms=0 3550ms=0 3600ms=0 3650ms=0 3700ms=0 3750ms=0 3800ms=0 3850ms=0 3900ms=0 3950ms=0 4000ms=0 4050ms=0 4100ms=0 4150ms=0 4200ms=0 4250ms=0 4300ms=0 4350ms=0 4400ms=0 4450ms=0 4500ms=0 4550ms=0 4600ms=0 4650ms=0 4700ms=0 4750ms=0 4800ms=0 4850ms=0 4900ms=0 4950ms=0
50th gpu percentile: 18ms
90th gpu percentile: 21ms
95th gpu percentile: 21ms
99th gpu percentile: 22ms
GPU HISTOGRAM: 1ms=0 2ms=0 3ms=0 4ms=0 5ms=0 6ms=0 7ms=0 8ms=0 9ms=1 10ms=253 11ms=29 12ms=15 13ms=14 14ms=3 15ms=9 16ms=11 17ms=12 18ms=43 19ms=101 20ms=104 21ms=92 22ms=20 23ms=1 24ms=0 25ms=0 4950ms=3
Font Cache (CPU):
  Size: 342.05 kB 
  Glyph Count: 68 
CPU Caches:
GPU Caches:
  Other:
    Other: 26.11 KB (1 entry)
    Buffer Object: 2.05 KB (2 entries)
  Image:
    Texture: 0.00 bytes (109 entries)
  Scratch:
    Texture: 4.26 MB (2 entries)
    Buffer Object: 48.00 KB (1 entry)
Other Caches:
                         Current / Maximum
  Layers Total           0.00 KB (numLayers = 0)
Total GPU memory usage:
  4548096 bytes, 4.34 MB (271.39 KB is purgeable)


Pipeline=Skia (OpenGL)
Profile data in ms:

	works.mees.dinghy/works.mees.dinghy.MainActivity/android.view.ViewRootImpl@262611e (visibility=0)
Window: works.mees.dinghy/works.mees.dinghy.MainActivity
Stats since: 126962229926308ns
Total frames rendered: 711
Janky frames: 22 (3.09%)
50th percentile: 8ms
90th percentile: 11ms
95th percentile: 14ms
99th percentile: 22ms
Number Missed Vsync: 1
Number High input latency: 678
Number Slow UI thread: 4
Number Slow bitmap uploads: 1
Number Slow issue draw commands: 4
Number Frame deadline missed: 10
HISTOGRAM: 5ms=21 6ms=121 7ms=193 8ms=149 9ms=128 10ms=25 11ms=17 12ms=7 13ms=10 14ms=6 15ms=9 16ms=3 17ms=1 18ms=7 19ms=2 20ms=2 21ms=2 22ms=1 23ms=1 24ms=3 25ms=1 26ms=2 27ms=0 28ms=0 29ms=0 30ms=0 31ms=0 32ms=0 34ms=0 36ms=0 38ms=0 40ms=0 42ms=0 44ms=0 46ms=0 48ms=0 53ms=0 57ms=0 61ms=0 65ms=0 69ms=0 73ms=0 77ms=0 81ms=0 85ms=0 89ms=0 93ms=0 97ms=0 101ms=0 105ms=0 109ms=0 113ms=0 117ms=0 121ms=0 125ms=0 129ms=0 133ms=0 150ms=0 200ms=0 250ms=0 300ms=0 350ms=0 400ms=0 450ms=0 500ms=0 550ms=0 600ms=0 650ms=0 700ms=0 750ms=0 800ms=0 850ms=0 900ms=0 950ms=0 1000ms=0 1050ms=0 1100ms=0 1150ms=0 1200ms=0 1250ms=0 1300ms=0 1350ms=0 1400ms=0 1450ms=0 1500ms=0 1550ms=0 1600ms=0 1650ms=0 1700ms=0 1750ms=0 1800ms=0 1850ms=0 1900ms=0 1950ms=0 2000ms=0 2050ms=0 2100ms=0 2150ms=0 2200ms=0 2250ms=0 2300ms=0 2350ms=0 2400ms=0 2450ms=0 2500ms=0 2550ms=0 2600ms=0 2650ms=0 2700ms=0 2750ms=0 2800ms=0 2850ms=0 2900ms=0 2950ms=0 3000ms=0 3050ms=0 3100ms=0 3150ms=0 3200ms=0 3250ms=0 3300ms=0 3350ms=0 3400ms=0 3450ms=0 3500ms=0 3550ms=0 3600ms=0 3650ms=0 3700ms=0 3750ms=0 3800ms=0 3850ms=0 3900ms=0 3950ms=0 4000ms=0 4050ms=0 4100ms=0 4150ms=0 4200ms=0 4250ms=0 4300ms=0 4350ms=0 4400ms=0 4450ms=0 4500ms=0 4550ms=0 4600ms=0 4650ms=0 4700ms=0 4750ms=0 4800ms=0 4850ms=0 4900ms=0 4950ms=0
50th gpu percentile: 18ms
90th gpu percentile: 21ms
95th gpu percentile: 21ms
99th gpu percentile: 22ms
GPU HISTOGRAM: 1ms=0 2ms=0 3ms=0 4ms=0 5ms=0 6ms=0 7ms=0 8ms=0 9ms=1 10ms=253 11ms=29 12ms=15 13ms=14 14ms=3 15ms=9 16ms=11 17ms=12 18ms=43 19ms=101 20ms=104 21ms=92 22ms=20 23ms=1 24ms=0 25ms=0 4950ms=3


---PROFILEDATA---
Flags,IntendedVsync,Vsync,OldestInputEvent,NewestInputEvent,HandleInputStart,AnimationStart,PerformTraversalsStart,DrawStart,SyncQueued,SyncStart,IssueDrawCommandsStart,SwapBuffers,FrameCompleted,DequeueBufferDuration,QueueBufferDuration,GpuCompleted,
0,126979869938309,126979869938309,9223372036854775807,0,126979870215615,126979870215615,126979871222695,126979871344766,126979871924600,126979872229775,126979872443398,126979875220498,126979877051552,274658,335694,126979884467324,
0,126979886631309,126979886631309,9223372036854775807,0,126979886908731,126979886908731,126979887671670,126979887793740,126979887976846,126979888312539,126979888556680,126979891394814,126979893073281,274659,274658,126979900550087,
0,126979903821885,126979903821885,9223372036854775807,0,126979904700478,126979904700478,126979905158241,126979905585487,126979905768593,126979906104286,126979906287391,126979908911903,126979910773475,274658,396728,126979918128211,
0,126979920533104,126979920533104,9223372036854775807,0,126979921729286,126979921729286,126979922919472,126979923041542,126979923621376,126979923926552,126979924109657,126979926886756,126979928595741,305175,305175,126979936133583,
0,126979937213379,126979937213379,9223372036854775807,0,126979937537392,126979937537392,126979938391884,126979938513954,126979938697059,126979939307411,126979939521034,126979942633828,126979944373330,305176,274658,126979951880654,
0,126979953900253,126979953900253,9223372036854775807,0,126979954199990,126979954230508,126979954840859,126979954932412,126979955115517,126979956000527,126979956153115,126979958808144,126979960608682,274658,335693,126979967993936,
0,126979970595518,126979970595518,9223372036854775807,0,126979970893105,126979970893105,126979971808633,126979971930703,126979972113808,126979972632607,126979972815713,126979975470742,126979977332314,244141,396729,126979984687050,
0,126979987282965,126979987282965,9223372036854775807,0,126979987616737,126979987616737,126979988562782,126979988684852,126979989264686,126979989630897,126979989814003,126979993293006,126979995185096,335694,366211,126980002600868,
0,126980003969503,126980003969503,9223372036854775807,0,126980004798134,126980004798134,126980005957801,126980006110389,126980006293495,126980006629188,126980007025917,126980009741981,126980011695107,335694,305176,126980018988807,
0,126980020662251,126980020662251,9223372036854775807,0,126980020972451,126980020972451,126980021491250,126980021674355,126980021857461,126980022193154,126980022559365,126980025733193,126980027991493,335693,427246,126980034918984,
0,126980037345813,126980037345813,9223372036854775807,0,126980037665566,126980037665566,126980038489541,126980038642129,126980038825234,126980039130410,126980039527138,126980042670450,126980044654092,305176,396729,126980051917275,
0,126980054031675,126980054031675,9223372036854775807,0,126980054389199,126980054389199,126980055335244,126980055457314,126980056128701,126980056464394,126980059882363,126980062934120,126980065161903,335693,305175,126980072425086,
0,126980070722552,126980070722552,9223372036854775807,0,126980071051795,126980071051795,126980071875770,126980071997840,126980072211463,126980072913368,126980073096473,126980075812537,126980077582557,274658,366210,126980085028846,
0,126980087410298,126980087410298,9223372036854775807,0,126980087775428,126980087775428,126980088507850,126980088629920,126980088813026,126980089270789,126980089514930,126980092475136,126980094153603,274658,274658,126980101660927,
0,126980104098549,126980104098549,9223372036854775807,0,126980104651650,126980104651650,126980105262001,126980105414589,126980105567177,126980106024941,126980106269081,126980109015663,126980110785684,244141,305176,126980118201455,
0,126980120781536,126980120781536,9223372036854775807,0,126980121649942,126980121649942,126980122107705,126980122534952,126980122718057,126980123053750,126980123236856,126980125922403,126980127600869,274658,274658,126980135077675,
0,126980137466835,126980137466835,9223372036854775807,0,126980138282021,126980138282021,126980138739785,126980139136513,126980139319618,126980139655312,126980139807900,126980143225868,126980145240028,305176,305175,126980152686317,
0,126980154154421,126980154154421,9223372036854775807,0,126980154456336,126980154456336,126980155982215,126980156104285,126980156684119,126980157019813,126980157233436,126980159949500,126980161811073,305176,366211,126980169226844,
0,126980170844500,126980170844500,9223372036854775807,0,126980171118935,126980171118935,126980171912392,126980172064980,126980172248085,126980173011025,126980173194130,126980175879677,126980177649696,274658,366211,126980185095986,
0,126980187527292,126980187527292,9223372036854775807,0,126980187781533,126980187812050,126980188544472,126980188666542,126980188849648,126980189978798,126980190924844,126980193640908,126980195319375,305175,305176,126980202857217,
0,126980204214395,126980204214395,9223372036854775807,0,126980204505166,126980204505166,126980205237588,126980205359658,126980205542764,126980206244668,126980206427774,126980209082803,126980210852822,274658,305176,126980218268593,
0,126980220899107,126980220899107,9223372036854775807,0,126980221228798,126980221228798,126980221564491,126980221686562,126980221839150,126980222205360,126980222541054,126980225409706,126980227057655,274658,274658,126980234564979,
0,126980237586119,126980237586119,9223372036854775807,0,126980237921912,126980237921912,126980238257606,126980238654334,126980238837440,126980239203650,126980239386756,126980242438515,126980244178016,274658,274658,126980251685341,
0,126980254275430,126980254275430,9223372036854775807,0,126980254615028,126980254615028,126980254981239,126980255133827,126980255316933,126980256079872,126980256262978,126980259467323,126980261573037,305176,396729,126980268805702,
0,126980270962530,126980270962530,9223372036854775807,0,126980271308145,126980271308145,126980271674356,126980272101602,126980272315225,126980273322305,126980273505410,126980276557168,126980278601845,305176,366211,126980285803994,
0,126980287658750,126980287658750,9223372036854775807,0,126980288581094,126980288581094,126980289130410,126980289252480,126980289832314,126980290290078,126980290473183,126980293494424,126980295569619,366211,305176,126980303137978,
0,126980304346404,126980304346404,9223372036854775807,0,126980305579384,126980305579384,126980306983192,126980307105263,126980307776649,126980308142860,126980308356483,126980311560829,126980313697059,335693,427247,126980320868690,
0,126980321032266,126980321032266,9223372036854775807,0,126980321936806,126980321936806,126980323035438,126980323218544,126980323401649,126980323798378,126980324012001,126980327124794,126980329108436,305176,335693,126980336432655,
0,126980337720428,126980337720428,9223372036854775807,0,126980338660438,126980338660438,126980339179237,126980339637001,126980339881141,126980340277871,126980340460976,126980343604287,126980345557412,305176,335694,126980352912148,
0,126980354410877,126980354410877,9223372036854775807,0,126980355353555,126980355353555,126980355872353,126980356360635,126980356604775,126980356940468,126980357154092,126980360266885,126980362220010,305176,305175,126980369605264,
0,126980371099127,126980371099127,9223372036854775807,0,126980372016152,126980372016152,126980373328408,126980373480996,126980373664101,126980374060830,126980374274453,126980377356728,126980379340370,305175,305176,126980386664589,
0,126980387792517,126980387792517,9223372036854775807,0,126980388678749,126980388678749,126980389228065,126980389685829,126980389960487,126980390326698,126980390509803,126980393592079,126980395636756,366211,335693,126980402960975,
0,126980404480790,126980404480790,9223372036854775807,0,126980405371864,126980405371864,126980405890663,126980406378944,126980406623085,126980406989296,126980407172401,126980410346230,126980412329872,305176,305176,126980419593055,
0,126980421174203,126980421174203,9223372036854775807,0,126980422064980,126980422064980,126980422705849,126980423194130,126980423438271,126980423773964,126980423957070,126980427527626,126980429511269,305176,335693,126980436835488,
0,126980437869340,126980437869340,9223372036854775807,0,126980438788613,126980438788613,126980439795693,126980440009316,126980440192421,126980440558633,126980440741739,126980443885049,126980445868692,305176,305176,126980453192910,
0,126980454554728,126980454554728,9223372036854775807,0,126980455451211,126980455451211,126980455970009,126980456122597,126980456702431,126980457099160,126980457282265,126980460486611,126980462470253,305176,305176,126980469733436,
0,126980471241828,126980471241828,9223372036854775807,0,126980472174842,126980472174842,126980472693641,126980473212440,126980473456581,126980473822791,126980474005897,126980477149207,126980479102332,305176,305176,126980486365516,
0,126980487930653,126980487930653,9223372036854775807,0,126980488867958,126980488867958,126980489386756,126980489508827,126980490088661,126980490485390,126980490668495,126980493750771,126980495734413,305176,305175,126980503058632,
0,126980504621191,126980504621191,9223372036854775807,0,126980505561074,126980505561074,126980506079872,126980506568154,126980506812294,126980507147988,126980507331093,126980510504922,126980512458047,305176,305176,126980519782265,
0,126980521313465,126980521313465,9223372036854775807,0,126980522193155,126980522223672,126980522772989,126980523230752,126980523474893,126980523841104,126980524024209,126980527198037,126980529151162,305176,305176,126980536475380,
0,126980537995978,126980537995978,9223372036854775807,0,126980538916786,126980538916786,126980539893349,126980540076454,126980540259560,126980540656288,126980540839394,126980543921669,126980545905311,305176,335694,126980553229530,
0,126980554680216,126980554680216,9223372036854775807,0,126980555945594,126980555945594,126980557379920,126980557563026,126980557807166,126980558356483,126980558631141,126980562903602,126980565924842,488281,732421,126980572425087,
0,126980571366166,126980571366166,9223372036854775807,0,126980572669228,126980572669228,126980573950966,126980574134071,126980574408730,126980574988564,126980575232704,126980579779823,126980582892617,549317,610351,126980589453896,
0,126980588054968,126980588054968,9223372036854775807,0,126980589240273,126980589240273,126980590460977,126980590644082,126980590888223,126980591407022,126980591925820,126980596106728,126980599158486,488281,610351,126980606238565,
0,126980604739346,126980604739346,9223372036854775807,0,126980605109414,126980605109414,126980605963906,126980606085977,126980606269082,126980607581338,126980607794961,126980610785683,126980612708291,335693,335694,126980619971474,
0,126980621427390,126980621427390,9223372036854775807,0,126980622290810,126980622321327,126980622809609,126980623358925,126980623603066,126980623969276,126980624152382,126980627021034,126980628974159,305176,396729,126980636206824,
0,126980638110411,126980638110411,9223372036854775807,0,126980639014442,126980639014442,126980639502723,126980640143593,126980640357216,126980640723427,126980640937050,126980643592079,126980645392616,335693,274658,126980653235634,
0,126980654796568,126980654796568,9223372036854775807,0,126980656684120,126980656684120,126980658881386,126980659033974,126980659217079,126980687628945,126980687781533,126980690589150,126980693000039,305176,396729,126980699988564,
0,126980671628189,126980671628189,9223372036854775807,0,126980688300332,126980688300332,126980688971719,126980689093789,126980689276895,126980693305215,126980693518838,126980696143349,126980700415810,244140,2960205,126980708441932,
0,126981523104307,126981523104307,126981507000000,126981510000000,126981523322305,126981524909219,126981524939736,126981525031289,126981525611123,126981526068886,126981526282509,126981529029091,126981538031776,305175,305176,126981546942909,
0,126981539800359,126981539800359,126981525000000,126981533000000,126981540656288,126981543433387,126981543433387,126981543555458,126981544196327,126981544562538,126981544806678,126981547644813,126981549597938,335693,427246,126981559272010,
0,126981556390495,126981556390495,126981544000000,126981551390495,126981557349403,126981558722694,126981558722694,126981558814247,126981558997352,126981560919961,126981561377724,126981564765175,126981566962441,335694,427246,126981575110634,
0,126981572884057,126981572884057,126981559000000,126981566500000,126981573493203,126981575354775,126981575354775,126981575446328,126981575995644,126981576544961,126981576758584,126981579505165,126981581366739,305176,335694,126981589026650,
0,126981586784306,126981586784306,126981575000000,126981581784306,126981587134560,126981588874062,126981588874062,126981589209756,126981589392861,126981589789590,126981590308389,126981593024454,126981594886026,274659,427247,126981602271279,
0,126981603430990,126981603430990,126981589000000,126981596000000,126981603766641,126981605933388,126981605963906,126981606055459,126981606604775,126981607032021,126981609656533,126981612860878,126981615027626,518799,427246,126981622168739,
0,126981619753296,126981619753296,9223372036854775807,0,126981620154579,126981620185097,126981620520790,126981620673378,126981620887001,126981621375282,126981621863563,126981624854286,126981626990516,305176,366211,126981634284218,
0,126981636291390,126981636291390,9223372036854775807,0,126981636573036,126981636573036,126981637702186,126981637824257,126981638373573,126981638678749,126981638892372,126981641699990,126981643592079,305176,335694,126981651038369,
0,126981652880812,126981652880812,9223372036854775807,0,126981653144082,126981653144082,126981653754433,126981653876504,126981654059609,126981654547890,126981654944619,126981657965859,126981659918984,305175,396729,126981667243203,
0,126981669515895,126981669515895,9223372036854775807,0,126981669837197,126981669837197,126981671973428,126981672095499,126981672705850,126981673041544,126981673255167,126981676062784,126981677863321,274658,335694,126981685279092,
0,126981686152844,126981686152844,9223372036854775807,0,126981686988076,126981686988076,126981688361367,126981688544472,126981689063271,126981689368447,126981689582070,126981692359169,126981694129189,335694,305176,126981701636512,
0,126981702796210,126981702796210,9223372036854775807,0,126981703620155,126981703620155,126981704657753,126981704779823,126981704993446,126981705329139,126981705542762,126981708350379,126981710272988,274659,274659,126981717536171,
0,126981719450188,126981719450188,9223372036854775807,0,126981720282754,126981720282754,126981721442421,126981721564492,126981722174843,126981722541054,126981722724160,126981725440224,126981727179726,274658,274658,126981734656533,
0,126981736103342,126981736103342,9223372036854775807,0,126981736945351,126981736945351,126981738074501,126981738196572,126981738379677,126981738715371,126981738990029,126981741828164,126981743537149,274659,274658,126981750983438,
0,126981752759519,126981752759519,9223372036854775807,0,126981753577432,126981753577432,126981754859170,126981754981241,126981755622110,126981755927286,126981756171426,126981758765420,126981760718545,274658,335694,126981767981728,
0,126981769435428,126981769435428,9223372036854775807,0,126981769660195,126981769690712,126981770728310,126981770850380,126981771033486,126981771521767,126981771735390,126981774481972,126981776221474,274658,274658,126981783667762,
0,126981786093557,126981786093557,9223372036854775807,0,126981786872108,126981786902625,126981788062293,126981788184364,126981788794715,126981789130408,126981789344032,126981792029579,126981793799599,305176,305176,126981801276406,
0,126981802728767,126981802728767,9223372036854775807,0,126981803534706,126981803534706,126981804572304,126981804694374,126981804877480,126981805182656,126981805396279,126981808173378,126981809882362,274658,274658,126981817359169,
0,126981819387669,126981819387669,9223372036854775807,0,126981820227823,126981820227823,126981820685586,126981821082315,126981821265420,126981821570596,126981821753701,126981824408731,126981826239785,274658,366211,126981833564004,
0,126981836047127,126981836047127,9223372036854775807,0,126981836859903,126981836859903,126981838294229,126981838416299,126981839026651,126981839331826,126981839545449,126981842353066,126981844153603,335693,305176,126981851599892,
0,126981852739036,126981852739036,9223372036854775807,0,126981853583534,126981853583534,126981854468544,126981854590614,126981854773720,126981855109413,126981855262001,126981858069618,126981859748085,274658,274659,126981867194373,
0,126981869409086,126981869409086,9223372036854775807,0,126981870246132,126981870246132,126981871588905,126981871710976,126981872321327,126981872687538,126981872870644,126981875434120,126981877173622,274658,305176,126981884711464,
0,126981886089111,126981886089111,9223372036854775807,0,126981886939247,126981886939247,126981888007362,126981888129433,126981888282021,126981888617714,126981888831337,126981891761025,126981893500527,305176,305175,126981900977334,
0,126981902808339,126981902808339,9223372036854775807,0,126981903632363,126981903632363,126981904090127,126981904517373,126981904700479,126981905036172,126981905219277,126981907843789,126981909827431,305176,427246,126981917090616,
0,126981919968369,126981919968369,9223372036854775807,0,126981920783242,126981920783242,126981922858437,126981923011025,126981923590859,126981923926553,126981924109658,126981926917275,126981928656777,305176,274658,126981936164101,
0,126981936678607,126981936678607,9223372036854775807,0,126981937506874,126981937506874,126981938788612,126981938910683,126981939093788,126981939429481,126981939643104,126981942420204,126981944129188,274658,274658,126981951667030,
0,126981953366215,126981953366215,9223372036854775807,0,126981954169472,126981954169472,126981954627235,126981955054481,126981955207069,126981955542763,126981955725868,126981958380897,126981960181435,274659,274659,126981967566689,
0,126981970050927,126981970050927,9223372036854775807,0,126981971076211,126981971106728,126981972480019,126981972602090,126981973181924,126981973517617,126981973700722,126981976386269,126981978247841,335694,366210,126981985663613,
0,126981986739642,126981986739642,9223372036854775807,0,126981987738809,126981987738809,126981988959512,126981989081582,126981989264687,126981989600381,126981989783486,126981992560587,126982002204141,274658,274658,126982001746377,
0,126982003427250,126982003427250,9223372036854775807,0,126982004248818,126982004279336,126982004737099,126982005133828,126982005316933,126982005622109,126982005774697,126982008521279,126982010443886,305176,488281,126982017707069,
0,126982020121327,126982020121327,9223372036854775807,0,126982020728309,126982020728309,126982021064003,126982021186073,126982021338661,126982021796425,126982021949012,126982024665077,126982026374061,274658,305176,126982033789833,
0,126982036809576,126982036809576,9223372036854775807,0,126982038001259,126982038001259,126982039282997,126982039405067,126982039954383,126982040320595,126982042426308,126982045478066,126982047797402,396728,366211,126982055243691,
0,126982053497075,126982053497075,9223372036854775807,0,126982054358681,126982054358681,126982054907998,126982055426797,126982055640420,126982055976113,126982056372841,126982060248575,126982062476358,335693,335693,126982069617471,
0,126982070182937,126982070182937,9223372036854775807,0,126982070716104,126982070716104,126982071692667,126982071845255,126982072028360,126982072394571,126982072760782,126982075720987,126982077887735,305176,335693,126982085059365,
0,126982086869188,126982086869188,9223372036854775807,0,126982087683877,126982087683877,126982088599404,126982088751992,126982088996132,126982089301308,126982089484414,126982092322548,126982094031532,274659,305176,126982101508339,
0,126982103556933,126982103556933,9223372036854775807,0,126982104407508,126982104407508,126982105292518,126982105414588,126982105628211,126982105994422,126982106147010,126982108771522,126982110511025,274658,305176,126982117957313,
0,126982120244724,126982120244724,9223372036854775807,0,126982121039589,126982121039589,126982122199257,126982122382363,126982122962197,126982123297890,126982123480996,126982128638466,126982130713662,305176,579835,126982137854775,
0,126982136934123,126982136934123,9223372036854775807,0,126982137793740,126982137824257,126982138922890,126982139044960,126982139228066,126982139533242,126982139716347,126982142462930,126982144232949,274658,366211,126982151648721,
0,126982153618273,126982153618273,9223372036854775807,0,126982153937540,126982153937540,126982154730997,126982154822549,126982155005655,126982155341348,126982155554971,126982158240518,126982159949502,274658,305176,126982167456826,
0,126982170304710,126982170304710,9223372036854775807,0,126982171149453,126982171149453,126982171759804,126982172187050,126982172400673,126982172736367,126982172919472,126982175635536,126982177405556,305176,274659,126982184821327,
0,126982186993447,126982186993447,9223372036854775807,0,126982187323768,126982187323768,126982187842567,126982187964637,126982188117225,126982188483436,126982188788612,126982192023476,126982194464882,274659,305175,126982201697548,
0,126982203679971,126982203679971,9223372036854775807,0,126982203986367,126982203986367,126982204871376,126982204962929,126982205146035,126982205634316,126982205817421,126982208472450,126982210425576,274658,457764,126982217719277,
0,126982220368222,126982220368222,9223372036854775807,0,126982220710000,126982220710000,126982221167764,126982221289834,126982221472940,126982221869668,126982222205362,126982224829873,126982226477822,244141,274658,126982233954629,
0,126982237058196,126982237058196,9223372036854775807,0,126982237342080,126982237342080,126982238532266,126982238654336,126982239234170,126982239569863,126982239783487,126982243201455,126982245398721,305176,366211,126982252570351,
0,126982253742908,126982253742908,9223372036854775807,0,126982254065712,126982254065712,126982254553993,126982254706581,126982254889687,126982255286415,126982255652626,126982258124550,126982259803017,274658,274659,126982267310340,
0,126982270429920,126982270429920,9223372036854775807,0,126982271216591,126982271216591,126982271704872,126982272101601,126982272284706,126982272589882,126982272772987,126982275489052,126982277198036,274658,274658,126982284674843,
0,126982287119232,126982287119232,9223372036854775807,0,126982287970741,126982287970741,126982289038857,126982289221962,126982289374550,126982289679726,126982289893349,126982292609414,126982294287881,274658,305175,126982301825723,
0,126982303806332,126982303806332,9223372036854775807,0,126982304602822,126982304602822,126982305060586,126982305487832,126982305640420,126982305976113,126982306159219,126982308783730,126982310523232,274659,305176,126982317969521,
0,126982320495157,126982320495157,9223372036854775807,0,126982321265419,126982321265419,126982321845253,126982322272499,126982322425087,126982322760780,126982322943886,126982325843055,126982327674110,274658,396728,126982335028846,
0,126982337185707,126982337185707,9223372036854775807,0,126982338294227,126982338324744,126982339759070,126982339942176,126982340247352,126982340796669,126982341315468,126982345526893,126982348242957,396728,518798,126982355078895,
0,126982353875493,126982353875493,9223372036854775807,0,126982354376991,126982354407509,126982354895790,126982355292519,126982355536659,126982356055458,126982356543739,126982360663613,126982363196572,366211,427246,126982370154580,
0,126982370570618,126982370570618,9223372036854775807,0,126982371009072,126982371009072,126982372107705,126982372260293,126982372504433,126982373175820,126982373389443,126982377478798,126982380347452,366211,488282,126982387030801,
0,126982387262981,126982387262981,9223372036854775807,0,126982387702187,126982387702187,126982388404092,126982388587197,126982388892373,126982389533242,126982390082558,126982394049843,126982396643837,427246,427246,126982403571327,
0,126982403949162,126982403949162,9223372036854775807,0,126982404395302,126982404395302,126982404883583,126982405432899,126982405677040,126982407019813,126982407263954,126982411444862,126982414038856,427247,427246,126982423346717,
0,126982420637756,126982420637756,9223372036854775807,0,126982421118934,126982421118934,126982423011024,126982423194130,126982423438270,126982423926551,126982424170692,126982428168495,126982430854042,396729,488281,126982437873085,
0,126982437327732,126982437327732,9223372036854775807,0,126982438178261,126982438208778,126982440406045,126982440589150,126982441474160,126982441931923,126982442206582,126982446326454,126982449012001,427246,518799,126982456824502,
0,126982454019431,126982454019431,9223372036854775807,0,126982454535683,126982454535683,126982455512246,126982455695351,126982455939492,126982456488808,126982457007607,126982461157998,126982464087686,488281,579834,126982470740517,
0,126982470712844,126982470712844,9223372036854775807,0,126982471137246,126982471137246,126982472296914,126982472449502,126982472724160,126982473334511,126982473609170,126982477454384,126982480262001,396728,518798,126982487006385,
0,126982487403483,126982487403483,9223372036854775807,0,126982487860878,126982487860878,126982488562782,126982488745887,126982488990028,126982490210731,126982490454872,126982494513709,126982497077186,396728,396729,126982504065712,
0,126982504088283,126982504088283,9223372036854775807,0,126982505194862,126982505225379,126982505896766,126982506568153,126982506812293,126982507300575,126982507575233,126982511695107,126982514228065,396729,396728,126982523474892,
0,126982520774821,126982520774821,9223372036854775807,0,126982521216591,126982521247109,126982521949013,126982522132119,126982522376259,126982522864541,126982523383339,126982527442177,126982530158242,396728,488281,126982536963662,
0,126982537463070,126982537463070,9223372036854775807,0,126982537879189,126982537879189,126982539374550,126982539527138,126982540229043,126982540717325,126982540991983,126982544989785,126982547675332,396729,488281,126982555945595,
0,126982554153033,126982554153033,9223372036854775807,0,126982554572304,126982554572304,126982555487832,126982555640419,126982555884560,126982556647499,126982556922158,126982561042030,126982563605507,396729,427246,126982570532997,
0,126982570844734,126982570844734,9223372036854775807,0,126982572058875,126982572058875,126982573584754,126982573737342,126982574012000,126982574530799,126982574744422,126982578833777,126982582465370,457764,701904,126982591132363,
0,126982587533647,126982587533647,9223372036854775807,0,126982588782508,126982588782508,126982590583046,126982590766152,126982591040810,126982591742714,126982592017372,126982596259315,126982599311073,488281,640869,126982606177529,
0,126982604219101,126982604219101,9223372036854775807,0,126982604712685,126982604712685,126982605231484,126982605872353,126982606116493,126982607337197,126982607611855,126982612128457,126982614966592,579834,518799,126982621741494,
0,126982620907948,126982620907948,9223372036854775807,0,126982622199258,126982622199258,126982623389444,126982623572549,126982623816690,126982624396524,126982624640664,126982629035195,126982632300576,488281,701904,126982639502724,
0,126982637600873,126982637600873,9223372036854775807,0,126982638098915,126982638098915,126982639014443,126982639197548,126982639441689,126982640662392,126982640906532,126982645148475,126982648108680,579834,518798,126982654730994,
0,126982654287986,126982654287986,9223372036854775807,0,126982655249793,126982655249793,126982656562049,126982656714637,126982656928260,126982657233436,126982657416541,126982660224159,126982662299354,335694,457763,126979834967811,
0,126982670967647,126982670967647,9223372036854775807,0,126982671851357,126982671851357,126982672766884,126982672888954,126982673133095,126982673499306,126982673987587,126982676886757,126982678778846,274659,335694,126979851172646,
0,126982687655874,126982687655874,9223372036854775807,0,126982688513954,126982688513954,126982689032753,126982689154823,126982689337929,126982690711221,126982690894326,126982693671426,126982695441445,244140,335693,126979867407997,
---PROFILEDATA---


View hierarchy:

  works.mees.dinghy/works.mees.dinghy.MainActivity/android.view.ViewRootImpl@262611e
  59 views, 77.84 kB of render nodes


Total ViewRootImpl   : 1
Total attached Views : 59
Total RenderNode     : 77.84 kB (used) / 319.69 kB (capacity)

