Applications Graphics Acceleration Info:
Uptime: 126970474 Realtime: 126970474

** Graphics info for pid 443 [works.mees.dinghy] **

Stats since: 126962229926308ns
Total frames rendered: 284
Janky frames: 11 (3.87%)
50th percentile: 9ms
90th percentile: 13ms
95th percentile: 15ms
99th percentile: 21ms
Number Missed Vsync: 0
Number High input latency: 274
Number Slow UI thread: 1
Number Slow bitmap uploads: 1
Number Slow issue draw commands: 2
Number Frame deadline missed: 4
HISTOGRAM: 5ms=0 6ms=4 7ms=60 8ms=76 9ms=89 10ms=11 11ms=10 12ms=4 13ms=8 14ms=4 15ms=4 16ms=3 17ms=1 18ms=5 19ms=1 20ms=1 21ms=1 22ms=1 23ms=0 24ms=0 25ms=1 26ms=0 27ms=0 28ms=0 29ms=0 30ms=0 31ms=0 32ms=0 34ms=0 36ms=0 38ms=0 40ms=0 42ms=0 44ms=0 46ms=0 48ms=0 53ms=0 57ms=0 61ms=0 65ms=0 69ms=0 73ms=0 77ms=0 81ms=0 85ms=0 89ms=0 93ms=0 97ms=0 101ms=0 105ms=0 109ms=0 113ms=0 117ms=0 121ms=0 125ms=0 129ms=0 133ms=0 150ms=0 200ms=0 250ms=0 300ms=0 350ms=0 400ms=0 450ms=0 500ms=0 550ms=0 600ms=0 650ms=0 700ms=0 750ms=0 800ms=0 850ms=0 900ms=0 950ms=0 1000ms=0 1050ms=0 1100ms=0 1150ms=0 1200ms=0 1250ms=0 1300ms=0 1350ms=0 1400ms=0 1450ms=0 1500ms=0 1550ms=0 1600ms=0 1650ms=0 1700ms=0 1750ms=0 1800ms=0 1850ms=0 1900ms=0 1950ms=0 2000ms=0 2050ms=0 2100ms=0 2150ms=0 2200ms=0 2250ms=0 2300ms=0 2350ms=0 2400ms=0 2450ms=0 2500ms=0 2550ms=0 2600ms=0 2650ms=0 2700ms=0 2750ms=0 2800ms=0 2850ms=0 2900ms=0 2950ms=0 3000ms=0 3050ms=0 3100ms=0 3150ms=0 3200ms=0 3250ms=0 3300ms=0 3350ms=0 3400ms=0 3450ms=0 3500ms=0 3550ms=0 3600ms=0 3650ms=0 3700ms=0 3750ms=0 3800ms=0 3850ms=0 3900ms=0 3950ms=0 4000ms=0 4050ms=0 4100ms=0 4150ms=0 4200ms=0 4250ms=0 4300ms=0 4350ms=0 4400ms=0 4450ms=0 4500ms=0 4550ms=0 4600ms=0 4650ms=0 4700ms=0 4750ms=0 4800ms=0 4850ms=0 4900ms=0 4950ms=0
50th gpu percentile: 19ms
90th gpu percentile: 21ms
95th gpu percentile: 21ms
99th gpu percentile: 22ms
GPU HISTOGRAM: 1ms=0 2ms=0 3ms=0 4ms=0 5ms=0 6ms=0 7ms=0 8ms=0 9ms=0 10ms=2 11ms=9 12ms=9 13ms=6 14ms=2 15ms=8 16ms=6 17ms=12 18ms=27 19ms=68 20ms=67 21ms=54 22ms=13 23ms=0 24ms=0 25ms=0 4950ms=1
Font Cache (CPU):
  Size: 339.12 kB 
  Glyph Count: 68 
CPU Caches:
GPU Caches:
  Other:
    Other: 24.65 KB (1 entry)
    Buffer Object: 2.05 KB (2 entries)
  Image:
    Texture: 0.00 bytes (75 entries)
  Scratch:
    Texture: 4.26 MB (2 entries)
    Buffer Object: 48.00 KB (1 entry)
Other Caches:
                         Current / Maximum
  Layers Total           0.00 KB (numLayers = 0)
Total GPU memory usage:
  4546600 bytes, 4.34 MB (271.39 KB is purgeable)


Pipeline=Skia (OpenGL)
Profile data in ms:

	works.mees.dinghy/works.mees.dinghy.MainActivity/android.view.ViewRootImpl@262611e (visibility=0)
Window: works.mees.dinghy/works.mees.dinghy.MainActivity
Stats since: 126962229926308ns
Total frames rendered: 284
Janky frames: 11 (3.87%)
50th percentile: 9ms
90th percentile: 13ms
95th percentile: 15ms
99th percentile: 21ms
Number Missed Vsync: 0
Number High input latency: 274
Number Slow UI thread: 1
Number Slow bitmap uploads: 1
Number Slow issue draw commands: 2
Number Frame deadline missed: 4
HISTOGRAM: 5ms=0 6ms=4 7ms=60 8ms=76 9ms=89 10ms=11 11ms=10 12ms=4 13ms=8 14ms=4 15ms=4 16ms=3 17ms=1 18ms=5 19ms=1 20ms=1 21ms=1 22ms=1 23ms=0 24ms=0 25ms=1 26ms=0 27ms=0 28ms=0 29ms=0 30ms=0 31ms=0 32ms=0 34ms=0 36ms=0 38ms=0 40ms=0 42ms=0 44ms=0 46ms=0 48ms=0 53ms=0 57ms=0 61ms=0 65ms=0 69ms=0 73ms=0 77ms=0 81ms=0 85ms=0 89ms=0 93ms=0 97ms=0 101ms=0 105ms=0 109ms=0 113ms=0 117ms=0 121ms=0 125ms=0 129ms=0 133ms=0 150ms=0 200ms=0 250ms=0 300ms=0 350ms=0 400ms=0 450ms=0 500ms=0 550ms=0 600ms=0 650ms=0 700ms=0 750ms=0 800ms=0 850ms=0 900ms=0 950ms=0 1000ms=0 1050ms=0 1100ms=0 1150ms=0 1200ms=0 1250ms=0 1300ms=0 1350ms=0 1400ms=0 1450ms=0 1500ms=0 1550ms=0 1600ms=0 1650ms=0 1700ms=0 1750ms=0 1800ms=0 1850ms=0 1900ms=0 1950ms=0 2000ms=0 2050ms=0 2100ms=0 2150ms=0 2200ms=0 2250ms=0 2300ms=0 2350ms=0 2400ms=0 2450ms=0 2500ms=0 2550ms=0 2600ms=0 2650ms=0 2700ms=0 2750ms=0 2800ms=0 2850ms=0 2900ms=0 2950ms=0 3000ms=0 3050ms=0 3100ms=0 3150ms=0 3200ms=0 3250ms=0 3300ms=0 3350ms=0 3400ms=0 3450ms=0 3500ms=0 3550ms=0 3600ms=0 3650ms=0 3700ms=0 3750ms=0 3800ms=0 3850ms=0 3900ms=0 3950ms=0 4000ms=0 4050ms=0 4100ms=0 4150ms=0 4200ms=0 4250ms=0 4300ms=0 4350ms=0 4400ms=0 4450ms=0 4500ms=0 4550ms=0 4600ms=0 4650ms=0 4700ms=0 4750ms=0 4800ms=0 4850ms=0 4900ms=0 4950ms=0
50th gpu percentile: 19ms
90th gpu percentile: 21ms
95th gpu percentile: 21ms
99th gpu percentile: 22ms
GPU HISTOGRAM: 1ms=0 2ms=0 3ms=0 4ms=0 5ms=0 6ms=0 7ms=0 8ms=0 9ms=0 10ms=2 11ms=9 12ms=9 13ms=6 14ms=2 15ms=8 16ms=6 17ms=12 18ms=27 19ms=68 20ms=67 21ms=54 22ms=13 23ms=0 24ms=0 25ms=0 4950ms=1


---PROFILEDATA---
Flags,IntendedVsync,Vsync,OldestInputEvent,NewestInputEvent,HandleInputStart,AnimationStart,PerformTraversalsStart,DrawStart,SyncQueued,SyncStart,IssueDrawCommandsStart,SwapBuffers,FrameCompleted,DequeueBufferDuration,QueueBufferDuration,GpuCompleted,
0,126967624008299,126967624008299,9223372036854775807,0,126967624274453,126967624274453,126967626166543,126967626319131,126967626502236,126967626929482,126967627204140,126967630286416,126967632788858,305175,305175,126967648902139,
0,126967640712307,126967640712307,9223372036854775807,0,126967640967569,126967640967569,126967641608438,126967641761026,126967641974649,126967642432413,126967642615518,126967645392618,126967649420938,335693,274658,126967666114052,
0,126967657410752,126967657410752,9223372036854775807,0,126967657660683,126967657691201,126967658667763,126967658820351,126967659735878,126967660163125,126967662909706,126967665747841,126967667639931,396729,335694,126967682685096,
0,126967674051103,126967674051103,9223372036854775807,0,126967674750526,126967674750526,126967676276405,126967676520545,126967677008827,126967677375038,126967677619178,126967681494910,126967683234412,335694,305175,126967699164588,
0,126967691217084,126967691217084,9223372036854775807,0,126967691565711,126967691565711,126967692176063,126967692359168,126967692633827,126967693122108,126967693610389,126967696814735,126967699439246,335693,1220703,126967715857704,
0,126967707920862,126967707920862,9223372036854775807,0,126967708258827,126967708258827,126967708777625,126967708991248,126967709235389,126967709723670,126967709937293,126967712714394,126967716162880,305176,2075195,126967732672891,
0,126967724612184,126967724612184,9223372036854775807,0,126967725592812,126967725592812,126967727362831,126967727515419,126967728858193,126967731635293,126967731879434,126967735144814,126967741584024,4638672,335694,126967749121865,
0,126967741291556,126967741291556,9223372036854775807,0,126967741736612,126967741736612,126967742774209,126967742926797,126967743140420,126967743506631,126967743689737,126967746466836,126967749335488,274658,1556396,126967765753944,
0,126967757985885,126967757985885,9223372036854775807,0,126967758307656,126967758307656,126967758795937,126967758948525,126967759162148,126967759925087,126967760535439,126967763343056,126967766028602,335694,1342774,126967782355506,
0,126967774670831,126967774670831,9223372036854775807,0,126967775580604,126967775580604,126967776160438,126967776648719,126967776892860,126967777228553,126967777442176,126967780066687,126967782599646,305176,1251221,126967799231726,
0,126967791353167,126967791353167,9223372036854775807,0,126967792182166,126967792182166,126967793647010,126967793799598,126967794806678,126967795203406,126967795417029,126967798926551,126967800849159,366211,335693,126967815955360,
0,126967808042865,126967808042865,9223372036854775807,0,126967810279091,126967810279091,126967811469276,126967811621864,126967811896522,126967812384804,126967812964638,126967816077430,126967817725380,305175,305176,126967832556924,
0,126967824716010,126967824716010,9223372036854775807,0,126967825293739,126967825293739,126967825843056,126967826026161,126967826270302,126967827521523,126967827735146,126967831458291,126967833441933,335693,366210,126967849189004,
0,126967841400061,126967841400061,9223372036854775807,0,126967841773233,126967841773233,126967842414102,126967842566690,126967842841348,126967844001016,126967844245156,126967847480019,126967849555215,274658,610352,126967865851601,
0,126967858099440,126967858099440,9223372036854775807,0,126967858588418,126967858588418,126967859290322,126967859503945,126967859687051,126967860083779,126967860663613,126967863257607,126967866156777,305176,1525879,126967882971962,
0,126967874784707,126967874784707,9223372036854775807,0,126967875647743,126967875678261,126967878028114,126967878180702,126967878821571,126967879157264,126967879340370,126967882086952,126967883918006,335693,305175,126967899237830,
0,126967891466954,126967891466954,9223372036854775807,0,126967891822059,126967891822059,126967893317420,126967893470008,126967893775183,126967894110877,126967894355017,126967897223670,126967899512488,305176,976562,126967915961463,
0,126967908157126,126967908157126,9223372036854775807,0,126967909033973,126967909033973,126967909613807,126967910224159,126967910529335,126967911566932,126967911750038,126967914435585,126967916236122,274658,488281,126967932746132,
0,126967924842324,126967924842324,9223372036854775807,0,126967925757606,126967925757606,126967926337440,126967926795204,126967927008827,126967927375038,126967927588661,126967930396279,126967933020791,305175,1312256,126967949225624,
0,126967941530398,126967941530398,9223372036854775807,0,126967941870889,126967941870889,126967942328652,126967942481240,126967942664346,126967943061074,126967943274697,126967945960244,126967949500283,305176,2227783,126967966071329,
0,126967958255082,126967958255082,9223372036854775807,0,126967959052285,126967959052285,126967960211954,126967960425577,126967960639200,126967961188516,126967961371622,126967964423379,126967966345987,335693,549317,126967982917031,
0,126967974936083,126967974936083,9223372036854775807,0,126967975867470,126967975867470,126967977515420,126967977668007,126967978308877,126967978766640,126967979010781,126967982398232,126967984107216,305176,305176,126967999396522,
0,126967991624012,126967991624012,9223372036854775807,0,126967992499550,126967992499550,126967993079384,126967993567665,126967993811805,126967994116981,126967994300087,126967997016151,126967999671180,305176,1342774,126968016364295,
0,126968008307485,126968008307485,9223372036854775807,0,126968008643347,126968008643347,126968009131629,126968009284216,126968009467322,126968010382850,126968010810096,126968015845496,126968017584998,396728,274658,126968032782753,
0,126968024989335,126968024989335,9223372036854775807,0,126968025885780,126968025885780,126968027991493,126968028174598,126968028388221,126968028876502,126968029120643,126968031897743,126968033515175,274658,274658,126968049384316,
0,126968041660289,126968041660289,9223372036854775807,0,126968042029580,126968042029580,126968042517861,126968042670449,126968042853554,126968043280800,126968043677529,126968046363076,126968049658974,335693,1953125,126968066016397,
0,126968058346543,126968058346543,9223372036854775807,0,126968058692177,126968058722695,126968059455117,126968059607705,126968059790810,126968060858926,126968061042032,126968063819131,126968066291055,274659,1159668,126968082770546,
0,126968075024955,126968075024955,9223372036854775807,0,126968075385293,126968075385293,126968075995644,126968076148232,126968076361855,126968076758583,126968077338417,126968080146034,126968083014687,305176,1556396,126968099402625,
0,126968091714653,126968091714653,9223372036854775807,0,126968092627723,126968092627723,126968093665321,126968093909461,126968094092567,126968094458778,126968094641883,126968097388465,126968099646766,274658,976562,126968116095740,
0,126968108403289,126968108403289,9223372036854775807,0,126968109259803,126968109259803,126968109839637,126968110694129,126968110907752,126968111304481,126968111487586,126968114264686,126968116370398,274658,793457,126968132788856,
0,126968125083325,126968125083325,9223372036854775807,0,126968125403602,126968125403602,126968126136024,126968126288612,126968126502235,126968126898963,126968127082069,126968129828651,126968133063515,335694,1831054,126968149420936,
0,126968141766222,126968141766222,9223372036854775807,0,126968142096718,126968142096718,126968142554482,126968142737587,126968144049843,126968144446572,126968144629677,126968147895058,126968149970253,274658,274659,126968166266641,
0,126968158446171,126968158446171,9223372036854775807,0,126968158789833,126968158789833,126968160071573,126968160224160,126968161292276,126968161780557,126968161963662,126968166053018,126968167731484,366211,244140,126968182868203,
0,126968175131071,126968175131071,9223372036854775807,0,126968176062784,126968176062784,126968176612100,126968177100381,126968177375039,126968177741250,126968177954873,126968180823525,126968183173379,274658,946045,126968199622352,
0,126968191821432,126968191821432,9223372036854775807,0,126968193732460,126968193732460,126968194434364,126968194586952,126968194770058,126968195136269,126968195319374,126968198218544,126968199897011,335694,305176,126968216315467,
0,126968208498876,126968208498876,9223372036854775807,0,126968209845740,126968209845740,126968211188514,126968211310584,126968211554725,126968212012488,126968212256629,126968215186316,126968216834265,305176,305176,126968233008583,
0,126968225183317,126968225183317,9223372036854775807,0,126968225775916,126968225775916,126968226569373,126968227027137,126968227240760,126968227637488,126968227881629,126968230719765,126968233252723,274658,1251221,126968249610145,
0,126968241865741,126968241865741,9223372036854775807,0,126968242224892,126968242224892,126968242865761,126968243018349,126968243201454,126968243567665,126968243964394,126968246619423,126968249884803,335693,1892090,126968266272744,
0,126968258550466,126968258550466,9223372036854775807,0,126968258856972,126968258856972,126968260260781,126968260474404,126968260718545,126968261176309,126968261389932,126968264105996,126968266516884,274659,1129150,126968282935342,
0,126968275237478,126968275237478,9223372036854775807,0,126968275580606,126968275580606,126968276038369,126968276190957,126968276374063,126968276740273,126968277137002,126968279792031,126968283179483,305177,2075195,126968299689492,
0,126968291951282,126968291951282,9223372036854775807,0,126968292304238,126968292304238,126968293036660,126968293189248,126968293402871,126968294104775,126968294287881,126968297095498,126968299964150,305176,1495361,126968316474159,
0,126968308636006,126968308636006,9223372036854775807,0,126968309699257,126968309699257,126968310340126,126968310462196,126968310675819,126968311499794,126968311682899,126968314856727,126968316779334,549317,335693,126968333045204,
0,126968325325306,126968325325306,9223372036854775807,0,126968325659949,126968325659949,126968326575476,126968326758582,126968326941687,126968327552039,126968327735144,126968330481727,126968333319862,274659,1495361,126968349707801,
0,126968342012317,126968342012317,9223372036854775807,0,126968342902382,126968342902382,126968343451698,126968343909462,126968344214637,126968344519813,126968344672401,126968347357948,126968349982459,305176,1342773,126968367163857,
0,126968358696940,126968358696940,9223372036854775807,0,126968359626014,126968359626014,126968360266885,126968360419472,126968360633095,126968361243447,126968363532265,126968366553505,126968368354042,366211,305175,126968383338174,
0,126968375378744,126968375378744,9223372036854775807,0,126968375739297,126968375739297,126968377204140,126968377387246,126968377631386,126968378028115,126968378241738,126968381262979,126968383643350,366211,671387,126968400153359,
0,126968392066284,126968392066284,9223372036854775807,0,126968392432412,126968392432412,126968393470009,126968393683633,126968393897256,126968394629677,126968394873818,126968398383339,126968400611122,457764,335693,126968416663367,
0,126968408752813,126968408752813,9223372036854775807,0,126968409095009,126968409095009,126968409552772,126968409705360,126968409918983,126968410651405,126968411383827,126968414923866,126968416999061,366211,335693,126968433387000,
0,126968425442700,126968425442700,9223372036854775807,0,126968425818640,126968425818640,126968426520545,126968426642615,126968426886755,126968427405554,126968427680212,126968430640418,126968433661658,335693,1556397,126968449744422,
0,126968442134874,126968442134874,9223372036854775807,0,126968442450721,126968442450721,126968443091590,126968443244178,126968443457801,126968476020058,126968477332314,126968480078897,126968482001504,305176,366211,126968489264687,
0,126968458817873,126968475484540,9223372036854775807,0,126968476569375,126968476569375,126968476996621,126968477149209,126968477301796,126968482337197,126968482489785,126968485022744,126968489478310,244140,3234863,126968497870645,
0,126969343207252,126969343207252,126969328000000,126969332000000,126969343421181,126969345557411,126969345587929,126969345679482,126969345862587,126969346259316,126969346411904,126969349463661,126969359320839,640870,427246,126969367713174,
0,126969359893919,126969359893919,126969346000000,126969354000000,126969360266884,126969363532266,126969363532266,126969363684854,126969364295205,126969364691934,126969364936074,126969368140420,126969372260294,2349854,457764,126969380744180,
0,126969376580586,126969376580586,126969363000000,126969371000000,126969376960000,126969380957803,126969382880410,126969383032998,126969383612832,126969384040078,126969384253701,126969386878213,126969388770302,335693,457764,126969397498329,
0,126969393253055,126969393253055,126969380000000,126969388000000,126969393531044,126969398902138,126969399085243,126969399237831,126969400122841,126969400519569,126969400733192,126969404181678,126969406226356,335694,427246,126969414832313,
0,126969407274569,126969407274569,126969398000000,126969412000000,126969407538612,126969417182167,126969417456825,126969417578895,126969418189247,126969418616493,126969418860633,126969422126015,126969424231728,366211,549316,126969432807168,
0,126969423646510,126969423646510,9223372036854775807,0,126969423926552,126969423957070,126969428534706,126969428656776,126969429267128,126969429724892,126969429938515,126969432868203,126969435095986,671387,366211,126969446173867,
0,126969440286187,126969440286187,9223372036854775807,0,126969440680703,126969440680703,126969441596231,126969441748819,126969441992959,126969442725381,126969442969522,126969445990762,126969448798379,396728,396729,126969456366739,
0,126969456925864,126969456925864,9223372036854775807,0,126969457801065,126969457801065,126969460822305,126969460974893,126969465216836,126969465583047,126969465827187,126969468848427,126969470709999,366211,305176,126969482886512,
0,126969473444452,126969473444452,9223372036854775807,0,126969474372109,126969474372109,126969475959023,126969476142128,126969479224403,126969479590614,126969479895790,126969483588417,126969485236366,274658,274658,126969499366005,
0,126969490091189,126969490091189,9223372036854775807,0,126969491004189,126969491004189,126969492621620,126969492804726,126969493384560,126969493750771,126969493964394,126969497046669,126969499671180,335693,1190185,126969515906533,
0,126969506727963,126969506727963,9223372036854775807,0,126969507605751,126969507605751,126969508185585,126969508643349,126969508826454,126969509223183,126969509406288,126969512213906,126969516181191,305175,2655029,126969532721719,
0,126969523358876,126969523358876,9223372036854775807,0,126969523657998,126969523657998,126969525183877,126969525336465,126969525946816,126969526343545,126969526587686,126969529578408,126969533026895,305175,2014160,126969549384316,
0,126969540000612,126969540000612,9223372036854775807,0,126969540351113,126969540351113,126969540869912,126969540991983,126969541236123,126969541907510,126969542121133,126969544867715,126969549658974,305176,3448486,126969566199500,
0,126969556648571,126969556648571,9223372036854775807,0,126969557013710,126969557044228,126969558753212,126969559088905,126969559790809,126969560187538,126969560706337,126969563849647,126969566535194,335694,1251221,126969582678994,
0,126969573301216,126969573301216,9223372036854775807,0,126969574164589,126969574164589,126969575263222,126969575415809,126969575629433,126969575995643,126969576209266,126969579199989,126969582953652,366210,2288818,126969599616249,
0,126969589977226,126969589977226,9223372036854775807,0,126969590277871,126969590308389,126969591498574,126969591651162,126969592230996,126969592688760,126969592963418,126969596533974,126969599921425,335694,1678466,126969616095743,
0,126969606635194,126969606635194,9223372036854775807,0,126969606940469,126969606940469,126969607337197,126969607520303,126969607733926,126969608344277,126969608527383,126969611731729,126969616370401,305176,3234863,126969632971962,
0,126969623270572,126969623270572,9223372036854775807,0,126969623603066,126969623603066,126969625342568,126969625495156,126969626074990,126969626441201,126969626685342,126969629828652,126969633338173,427246,1892090,126969649481971,
0,126969639930811,126969639930811,9223372036854775807,0,126969640296181,126969640296181,126969641333778,126969641486366,126969641699989,126969642005165,126969642249305,126969645056922,126969649756629,274658,3387451,126969666297157,
0,126969656592271,126969656592271,9223372036854775807,0,126969657477577,126969657477577,126969658820350,126969658972938,126969659552772,126969659949501,126969660163125,126969663642128,126969666876991,335694,305176,126969682837686,
0,126969673255724,126969673255724,9223372036854775807,0,126969674109658,126969674109658,126969675482949,126969675635537,126969675849160,126969676184853,126969676459511,126969679572304,126969683417520,305176,305176,126969699469766,
0,126969689917523,126969689917523,9223372036854775807,0,126969690283975,126969690283975,126969691230020,126969691382608,126969691596231,126969691992960,126969692206583,126969695319375,126969699774942,305175,3112793,126969716376503,
0,126969706617729,126969706617729,9223372036854775807,0,126969707495888,126969707495888,126969708899697,126969709021767,126969709632119,126969710028847,126969710334023,126969718604286,126969720374306,335693,335694,126969733008583,
0,126969723303479,126969723303479,9223372036854775807,0,126969724494178,126969724494178,126969725257118,126969725409706,126969725592811,126969725959022,126969726172645,126969729254920,126969733283241,427246,2471924,126969749518593,
0,126969739942385,126969739942385,9223372036854775807,0,126969740271767,126969740271767,126969740668496,126969740821084,126969741034707,126969741492470,126969741889199,126969744696816,126969749793251,305176,3723144,126969766364297,
0,126969757120034,126969757120034,9223372036854775807,0,126969757453164,126969757453164,126969758612832,126969758765419,126969759375771,126969759680947,126969759955605,126969763190469,126969766974648,335693,2349854,126969782965859,
0,126969773822828,126969773822828,9223372036854775807,0,126969774146280,126969774146280,126969774573526,126969774756631,126969774939737,126969776587686,126969776801309,126969779822549,126969783210000,335693,2044678,126969799628456,
0,126969790513882,126969790513882,9223372036854775807,0,126969790900429,126969790900429,126969792121132,126969792273720,126969792456826,126969792823036,126969793006142,126969795783241,126969799872597,305175,2777099,126969816260536,
0,126969807204352,126969807204352,9223372036854775807,0,126969808112342,126969808112342,126969809180457,126969809363563,126969809546668,126969809882362,126969810553749,126969813239296,126969816535194,274658,1953125,126969833045205,
0,126969823913604,126969823913604,9223372036854775807,0,126969824774941,126969824774941,126969826117714,126969826239784,126969826850136,126969827185829,126969827399452,126969830268105,126969833411416,366211,1617432,126969849707803,
0,126969840600592,126969840600592,9223372036854775807,0,126969841498575,126969841498575,126969842017373,126969842475137,126969842749795,126969843054971,126969843268594,126969846411904,126969850104532,305176,2197266,126969866553506,
0,126969857283591,126969857283591,9223372036854775807,0,126969858283242,126969858283242,126969859626016,126969859778604,126969859992227,126969860388955,126969860633096,126969863288125,126969866919717,335693,2014160,126969883216102,
0,126969873968878,126969873968878,9223372036854775807,0,126969874854286,126969874854286,126969876746376,126969876898964,126969877082069,126969877478798,126969877997597,126969881232460,126969883673866,335693,762940,126969899817665,
0,126969890656465,126969890656465,9223372036854775807,0,126969890998085,126969891028603,126969891974648,126969892096718,126969892279823,126969892615517,126969893347939,126969896094520,126969900214394,396728,2624512,126969916632851,
0,126969907339376,126969907339376,9223372036854775807,0,126969908271034,126969908271034,126969909827431,126969909980019,126969910620889,126969910987100,126969911200723,126969920294961,126969922095498,305176,335693,126969933081827,
0,126969924029134,126969924029134,9223372036854775807,0,126969924933633,126969924933633,126969925940713,126969926123818,126969926337441,126969926673135,126969926886758,126969929999551,126969933448038,366211,1922607,126969949866494,
0,126969940715686,126969940715686,9223372036854775807,0,126969941687783,126969941687783,126969943000039,126969943122109,126969943396768,126969943701943,126969943946084,126969946692666,126969950202187,274659,2136230,126969966468055,
0,126969957401561,126969957401561,9223372036854775807,0,126969958350380,126969958350380,126969958838661,126969958960731,126969959571083,126969959876259,126969960120399,126969962866981,126969966712196,274659,2563476,126969983100136,
0,126969974089710,126969974089710,9223372036854775807,0,126969974982460,126969974982460,126969975470741,126969975928505,126969976172645,126969976477821,126969976660927,126969979499061,126969983374794,244141,2532959,126969999793251,
0,126969990780171,126969990780171,9223372036854775807,0,126969991095742,126969991095742,126969991492471,126969991889199,126969992102822,126969992957314,126969993140420,126969995948037,126970000098428,274659,2807617,126970016486368,
0,126970007465945,126970007465945,9223372036854775807,0,126970007819375,126970007819375,126970008216103,126970008368691,126970008551797,126970009436806,126970009680947,126970012366495,126970016761026,274658,3051758,126970033789833,
0,126970024150082,126970024150082,9223372036854775807,0,126970024878701,126970024878701,126970026160439,126970026343545,126970027259072,126970027564248,126970027777871,126970030616005,126970034308632,366211,2227783,126970049933631,
0,126970040838542,126970040838542,9223372036854775807,0,126970041724403,126970041724403,126970042731483,126970042945106,126970043128212,126970043524940,126970043708046,126970046790321,126970050208290,274658,2105713,126970066596230,
0,126970057525255,126970057525255,9223372036854775807,0,126970057868202,126970057868202,126970058905800,126970059027870,126970059241493,126970059729774,126970059943397,126970062659462,126970066840370,274658,2899170,126970083258828,
0,126970074216279,126970074216279,9223372036854775807,0,126970074530801,126970074530801,126970074927529,126970075080117,126970075232705,126970075690468,126970076087197,126970078681191,126970083533487,274658,3570557,126970099860391,
0,126970090909604,126970090909604,9223372036854775807,0,126970091773233,126970091773233,126970092261514,126970092719278,126970092932901,126970093238077,126970093421182,126970096137247,126970100165567,305176,2716065,126970116645058,
0,126970107593752,126970107593752,9223372036854775807,0,126970108222207,126970108222207,126970108679970,126970108832558,126970109015664,126970110144814,126970110358437,126970113105019,126970116919716,274658,2532959,126970133307655,
0,126970124281513,126970124281513,9223372036854775807,0,126970125281532,126970125281532,126970126929481,126970127082069,126970127265174,126970127600868,126970127783973,126970130591591,126970133582314,305176,1678466,126970149970253,
0,126970140968914,126970140968914,9223372036854775807,0,126970141303261,126970141303261,126970142035683,126970142188271,126970142371376,126970142798623,126970142981728,126970145728310,126970150244912,274659,3204346,126970166754922,
0,126970157655451,126970157655451,9223372036854775807,0,126970157996377,126970157996377,126970158850869,126970159003457,126970159156044,126970159888466,126970160071573,126970162879190,126970167029580,305176,2838135,126970183356484,
0,126970174341224,126970174341224,9223372036854775807,0,126970175025186,126970175025186,126970175452432,126970175574502,126970175757608,126970176428995,126970177161416,126970179846963,126970183844766,274658,244141,126970200293739,
0,126970191025361,126970191025361,9223372036854775807,0,126970191382607,126970191382607,126970192511757,126970192633828,126970193274697,126970193579872,126970193793495,126970200385292,126970202124794,335694,305176,126970216773231,
0,126970207711798,126970207711798,9223372036854775807,0,126970208075721,126970208106239,126970208502967,126970208655555,126970208838661,126970209357459,126970209784705,126970212531288,126970217047890,305176,3234863,126970233527383,
0,126970224400095,126970224400095,9223372036854775807,0,126970224646767,126970224677285,126970225074013,126970225470742,126970225684365,126970226660927,126970226844032,126970229376991,126970233802041,274659,3051758,126970250251016,
0,126970241092385,126970241092385,9223372036854775807,0,126970241400918,126970241400918,126970241828164,126970241950235,126970242133340,126970242469033,126970242896280,126970246466836,126970250708780,366210,2624513,126970267127236,
0,126970257779809,126970257779809,9223372036854775807,0,126970258826455,126970258826455,126970259864053,126970260077676,126970260260781,126970260626992,126970260810098,126970263556680,126970267615517,549316,2166748,126970283820350,
0,126970274470359,126970274470359,9223372036854775807,0,126970274817665,126970274817665,126970275794228,126970275946816,126970276129921,126970276770790,126970277228554,126970280097206,126970284278114,366211,2593994,126970300574502,
0,126970291155646,126970291155646,9223372036854775807,0,126970291510780,126970291510780,126970291968544,126970292395790,126970292639931,126970292975624,126970293463905,126970296271522,126970301032265,610351,2655030,126970316931923,
0,126970307843233,126970307843233,9223372036854775807,0,126970308844765,126970308844765,126970310553750,126970310736855,126970311133584,126970311499795,126970311682900,126970314398965,126970317206582,244140,1525879,126970333564005,
0,126970324526144,126970324526144,9223372036854775807,0,126970324866494,126970324866494,126970325568399,126970325690469,126970325904092,126970326270303,126970326697549,126970329444131,126970333838663,305176,3021240,126970350257119,
0,126970341214393,126970341214393,9223372036854775807,0,126970342108926,126970342108926,126970342597207,126970343054971,126970343299111,126970343634805,126970343817910,126970346442422,126970350531777,335693,2685547,126970366950233,
0,126970357904356,126970357904356,9223372036854775807,0,126970358771522,126970358802040,126970359259804,126970359717567,126970359900673,126970360663612,126970360877235,126970363715370,126970367224891,335693,2136231,126970383643349,
0,126970374589081,126970374589081,9223372036854775807,0,126970375220497,126970375220497,126970377814491,126970377936561,126970378150184,126970378485878,126970378668983,126970381446084,126970383918007,305176,1190186,126970400428018,
0,126970391276092,126970391276092,9223372036854775807,0,126970391608437,126970391608437,126970392676553,126970392798623,126970393012246,126970393683633,126970393958291,126970396857461,126970400855264,305176,2258302,126970417090616,
0,126970407965391,126970407965391,9223372036854775807,0,126970408301553,126970408332070,126970408759316,126970408942422,126970409125527,126970409583291,126970409980019,126970413306436,126970417578897,396729,2624512,126970433844765,
0,126970424656991,126970424656991,9223372036854775807,0,126970425605019,126970425635537,126970426978310,126970427100381,126970427405556,126970428168496,126970428534707,126970431616982,126970434272011,366211,1068115,126970450446327,
0,126970441349495,126970441349495,9223372036854775807,0,126970442298134,126970442298134,126970442816932,126970443610389,126970444007118,126970444342811,126970444739540,126970447608192,126970450843056,335693,1617433,126967598944863,
0,126970458035449,126970458035449,9223372036854775807,0,126970458960731,126970458960731,126970460639199,126970460822304,126970461035927,126970461463173,126970461859902,126970464881142,126970467688759,305175,1342773,126967615790566,
0,126970474723518,126970474723518,9223372036854775807,0,126970475104531,126970475104531,126970475562295,126970475714883,126970475928506,126970476447304,126970476660927,126970479529580,126970484320840,366211,3173828,126967632239541,
---PROFILEDATA---


View hierarchy:

  works.mees.dinghy/works.mees.dinghy.MainActivity/android.view.ViewRootImpl@262611e
  59 views, 77.84 kB of render nodes


Total ViewRootImpl   : 1
Total attached Views : 59
Total RenderNode     : 77.84 kB (used) / 319.69 kB (capacity)

