Applications Graphics Acceleration Info:
Uptime: 126984707 Realtime: 126984707

** Graphics info for pid 443 [works.mees.dinghy] **

Stats since: 126962229926308ns
Total frames rendered: 781
Janky frames: 22 (2.82%)
50th percentile: 7ms
90th percentile: 10ms
95th percentile: 14ms
99th percentile: 22ms
Number Missed Vsync: 1
Number High input latency: 744
Number Slow UI thread: 4
Number Slow bitmap uploads: 1
Number Slow issue draw commands: 4
Number Frame deadline missed: 10
HISTOGRAM: 5ms=26 6ms=147 7ms=221 8ms=157 9ms=128 10ms=26 11ms=17 12ms=7 13ms=11 14ms=6 15ms=10 16ms=3 17ms=1 18ms=7 19ms=2 20ms=2 21ms=2 22ms=1 23ms=1 24ms=3 25ms=1 26ms=2 27ms=0 28ms=0 29ms=0 30ms=0 31ms=0 32ms=0 34ms=0 36ms=0 38ms=0 40ms=0 42ms=0 44ms=0 46ms=0 48ms=0 53ms=0 57ms=0 61ms=0 65ms=0 69ms=0 73ms=0 77ms=0 81ms=0 85ms=0 89ms=0 93ms=0 97ms=0 101ms=0 105ms=0 109ms=0 113ms=0 117ms=0 121ms=0 125ms=0 129ms=0 133ms=0 150ms=0 200ms=0 250ms=0 300ms=0 350ms=0 400ms=0 450ms=0 500ms=0 550ms=0 600ms=0 650ms=0 700ms=0 750ms=0 800ms=0 850ms=0 900ms=0 950ms=0 1000ms=0 1050ms=0 1100ms=0 1150ms=0 1200ms=0 1250ms=0 1300ms=0 1350ms=0 1400ms=0 1450ms=0 1500ms=0 1550ms=0 1600ms=0 1650ms=0 1700ms=0 1750ms=0 1800ms=0 1850ms=0 1900ms=0 1950ms=0 2000ms=0 2050ms=0 2100ms=0 2150ms=0 2200ms=0 2250ms=0 2300ms=0 2350ms=0 2400ms=0 2450ms=0 2500ms=0 2550ms=0 2600ms=0 2650ms=0 2700ms=0 2750ms=0 2800ms=0 2850ms=0 2900ms=0 2950ms=0 3000ms=0 3050ms=0 3100ms=0 3150ms=0 3200ms=0 3250ms=0 3300ms=0 3350ms=0 3400ms=0 3450ms=0 3500ms=0 3550ms=0 3600ms=0 3650ms=0 3700ms=0 3750ms=0 3800ms=0 3850ms=0 3900ms=0 3950ms=0 4000ms=0 4050ms=0 4100ms=0 4150ms=0 4200ms=0 4250ms=0 4300ms=0 4350ms=0 4400ms=0 4450ms=0 4500ms=0 4550ms=0 4600ms=0 4650ms=0 4700ms=0 4750ms=0 4800ms=0 4850ms=0 4900ms=0 4950ms=0
50th gpu percentile: 15ms
90th gpu percentile: 21ms
95th gpu percentile: 21ms
99th gpu percentile: 22ms
GPU HISTOGRAM: 1ms=0 2ms=0 3ms=0 4ms=0 5ms=0 6ms=0 7ms=0 8ms=0 9ms=2 10ms=318 11ms=31 12ms=15 13ms=14 14ms=4 15ms=9 16ms=11 17ms=12 18ms=44 19ms=101 20ms=104 21ms=92 22ms=20 23ms=1 24ms=0 25ms=0 4950ms=3
Font Cache (CPU):
  Size: 342.05 kB 
  Glyph Count: 68 
CPU Caches:
GPU Caches:
  Other:
    Other: 24.12 KB (1 entry)
    Buffer Object: 2.05 KB (2 entries)
  Image:
    Texture: 0.00 bytes (109 entries)
  Scratch:
    Texture: 4.26 MB (2 entries)
    Buffer Object: 48.00 KB (1 entry)
Other Caches:
                         Current / Maximum
  Layers Total           0.00 KB (numLayers = 0)
Total GPU memory usage:
  4546056 bytes, 4.34 MB (271.39 KB is purgeable)


Pipeline=Skia (OpenGL)
Profile data in ms:

	works.mees.dinghy/works.mees.dinghy.MainActivity/android.view.ViewRootImpl@262611e (visibility=0)
Window: works.mees.dinghy/works.mees.dinghy.MainActivity
Stats since: 126962229926308ns
Total frames rendered: 781
Janky frames: 22 (2.82%)
50th percentile: 7ms
90th percentile: 10ms
95th percentile: 14ms
99th percentile: 22ms
Number Missed Vsync: 1
Number High input latency: 744
Number Slow UI thread: 4
Number Slow bitmap uploads: 1
Number Slow issue draw commands: 4
Number Frame deadline missed: 10
HISTOGRAM: 5ms=26 6ms=147 7ms=221 8ms=157 9ms=128 10ms=26 11ms=17 12ms=7 13ms=11 14ms=6 15ms=10 16ms=3 17ms=1 18ms=7 19ms=2 20ms=2 21ms=2 22ms=1 23ms=1 24ms=3 25ms=1 26ms=2 27ms=0 28ms=0 29ms=0 30ms=0 31ms=0 32ms=0 34ms=0 36ms=0 38ms=0 40ms=0 42ms=0 44ms=0 46ms=0 48ms=0 53ms=0 57ms=0 61ms=0 65ms=0 69ms=0 73ms=0 77ms=0 81ms=0 85ms=0 89ms=0 93ms=0 97ms=0 101ms=0 105ms=0 109ms=0 113ms=0 117ms=0 121ms=0 125ms=0 129ms=0 133ms=0 150ms=0 200ms=0 250ms=0 300ms=0 350ms=0 400ms=0 450ms=0 500ms=0 550ms=0 600ms=0 650ms=0 700ms=0 750ms=0 800ms=0 850ms=0 900ms=0 950ms=0 1000ms=0 1050ms=0 1100ms=0 1150ms=0 1200ms=0 1250ms=0 1300ms=0 1350ms=0 1400ms=0 1450ms=0 1500ms=0 1550ms=0 1600ms=0 1650ms=0 1700ms=0 1750ms=0 1800ms=0 1850ms=0 1900ms=0 1950ms=0 2000ms=0 2050ms=0 2100ms=0 2150ms=0 2200ms=0 2250ms=0 2300ms=0 2350ms=0 2400ms=0 2450ms=0 2500ms=0 2550ms=0 2600ms=0 2650ms=0 2700ms=0 2750ms=0 2800ms=0 2850ms=0 2900ms=0 2950ms=0 3000ms=0 3050ms=0 3100ms=0 3150ms=0 3200ms=0 3250ms=0 3300ms=0 3350ms=0 3400ms=0 3450ms=0 3500ms=0 3550ms=0 3600ms=0 3650ms=0 3700ms=0 3750ms=0 3800ms=0 3850ms=0 3900ms=0 3950ms=0 4000ms=0 4050ms=0 4100ms=0 4150ms=0 4200ms=0 4250ms=0 4300ms=0 4350ms=0 4400ms=0 4450ms=0 4500ms=0 4550ms=0 4600ms=0 4650ms=0 4700ms=0 4750ms=0 4800ms=0 4850ms=0 4900ms=0 4950ms=0
50th gpu percentile: 15ms
90th gpu percentile: 21ms
95th gpu percentile: 21ms
99th gpu percentile: 22ms
GPU HISTOGRAM: 1ms=0 2ms=0 3ms=0 4ms=0 5ms=0 6ms=0 7ms=0 8ms=0 9ms=2 10ms=318 11ms=31 12ms=15 13ms=14 14ms=4 15ms=9 16ms=11 17ms=12 18ms=44 19ms=101 20ms=104 21ms=92 22ms=20 23ms=1 24ms=0 25ms=0 4950ms=3


---PROFILEDATA---
Flags,IntendedVsync,Vsync,OldestInputEvent,NewestInputEvent,HandleInputStart,AnimationStart,PerformTraversalsStart,DrawStart,SyncQueued,SyncStart,IssueDrawCommandsStart,SwapBuffers,FrameCompleted,DequeueBufferDuration,QueueBufferDuration,GpuCompleted,
0,126981869409086,126981869409086,9223372036854775807,0,126981870246132,126981870246132,126981871588905,126981871710976,126981872321327,126981872687538,126981872870644,126981875434120,126981877173622,274658,305176,126981884711464,
0,126981886089111,126981886089111,9223372036854775807,0,126981886939247,126981886939247,126981888007362,126981888129433,126981888282021,126981888617714,126981888831337,126981891761025,126981893500527,305176,305175,126981900977334,
0,126981902808339,126981902808339,9223372036854775807,0,126981903632363,126981903632363,126981904090127,126981904517373,126981904700479,126981905036172,126981905219277,126981907843789,126981909827431,305176,427246,126981917090616,
0,126981919968369,126981919968369,9223372036854775807,0,126981920783242,126981920783242,126981922858437,126981923011025,126981923590859,126981923926553,126981924109658,126981926917275,126981928656777,305176,274658,126981936164101,
0,126981936678607,126981936678607,9223372036854775807,0,126981937506874,126981937506874,126981938788612,126981938910683,126981939093788,126981939429481,126981939643104,126981942420204,126981944129188,274658,274658,126981951667030,
0,126981953366215,126981953366215,9223372036854775807,0,126981954169472,126981954169472,126981954627235,126981955054481,126981955207069,126981955542763,126981955725868,126981958380897,126981960181435,274659,274659,126981967566689,
0,126981970050927,126981970050927,9223372036854775807,0,126981971076211,126981971106728,126981972480019,126981972602090,126981973181924,126981973517617,126981973700722,126981976386269,126981978247841,335694,366210,126981985663613,
0,126981986739642,126981986739642,9223372036854775807,0,126981987738809,126981987738809,126981988959512,126981989081582,126981989264687,126981989600381,126981989783486,126981992560587,126982002204141,274658,274658,126982001746377,
0,126982003427250,126982003427250,9223372036854775807,0,126982004248818,126982004279336,126982004737099,126982005133828,126982005316933,126982005622109,126982005774697,126982008521279,126982010443886,305176,488281,126982017707069,
0,126982020121327,126982020121327,9223372036854775807,0,126982020728309,126982020728309,126982021064003,126982021186073,126982021338661,126982021796425,126982021949012,126982024665077,126982026374061,274658,305176,126982033789833,
0,126982036809576,126982036809576,9223372036854775807,0,126982038001259,126982038001259,126982039282997,126982039405067,126982039954383,126982040320595,126982042426308,126982045478066,126982047797402,396728,366211,126982055243691,
0,126982053497075,126982053497075,9223372036854775807,0,126982054358681,126982054358681,126982054907998,126982055426797,126982055640420,126982055976113,126982056372841,126982060248575,126982062476358,335693,335693,126982069617471,
0,126982070182937,126982070182937,9223372036854775807,0,126982070716104,126982070716104,126982071692667,126982071845255,126982072028360,126982072394571,126982072760782,126982075720987,126982077887735,305176,335693,126982085059365,
0,126982086869188,126982086869188,9223372036854775807,0,126982087683877,126982087683877,126982088599404,126982088751992,126982088996132,126982089301308,126982089484414,126982092322548,126982094031532,274659,305176,126982101508339,
0,126982103556933,126982103556933,9223372036854775807,0,126982104407508,126982104407508,126982105292518,126982105414588,126982105628211,126982105994422,126982106147010,126982108771522,126982110511025,274658,305176,126982117957313,
0,126982120244724,126982120244724,9223372036854775807,0,126982121039589,126982121039589,126982122199257,126982122382363,126982122962197,126982123297890,126982123480996,126982128638466,126982130713662,305176,579835,126982137854775,
0,126982136934123,126982136934123,9223372036854775807,0,126982137793740,126982137824257,126982138922890,126982139044960,126982139228066,126982139533242,126982139716347,126982142462930,126982144232949,274658,366211,126982151648721,
0,126982153618273,126982153618273,9223372036854775807,0,126982153937540,126982153937540,126982154730997,126982154822549,126982155005655,126982155341348,126982155554971,126982158240518,126982159949502,274658,305176,126982167456826,
0,126982170304710,126982170304710,9223372036854775807,0,126982171149453,126982171149453,126982171759804,126982172187050,126982172400673,126982172736367,126982172919472,126982175635536,126982177405556,305176,274659,126982184821327,
0,126982186993447,126982186993447,9223372036854775807,0,126982187323768,126982187323768,126982187842567,126982187964637,126982188117225,126982188483436,126982188788612,126982192023476,126982194464882,274659,305175,126982201697548,
0,126982203679971,126982203679971,9223372036854775807,0,126982203986367,126982203986367,126982204871376,126982204962929,126982205146035,126982205634316,126982205817421,126982208472450,126982210425576,274658,457764,126982217719277,
0,126982220368222,126982220368222,9223372036854775807,0,126982220710000,126982220710000,126982221167764,126982221289834,126982221472940,126982221869668,126982222205362,126982224829873,126982226477822,244141,274658,126982233954629,
0,126982237058196,126982237058196,9223372036854775807,0,126982237342080,126982237342080,126982238532266,126982238654336,126982239234170,126982239569863,126982239783487,126982243201455,126982245398721,305176,366211,126982252570351,
0,126982253742908,126982253742908,9223372036854775807,0,126982254065712,126982254065712,126982254553993,126982254706581,126982254889687,126982255286415,126982255652626,126982258124550,126982259803017,274658,274659,126982267310340,
0,126982270429920,126982270429920,9223372036854775807,0,126982271216591,126982271216591,126982271704872,126982272101601,126982272284706,126982272589882,126982272772987,126982275489052,126982277198036,274658,274658,126982284674843,
0,126982287119232,126982287119232,9223372036854775807,0,126982287970741,126982287970741,126982289038857,126982289221962,126982289374550,126982289679726,126982289893349,126982292609414,126982294287881,274658,305175,126982301825723,
0,126982303806332,126982303806332,9223372036854775807,0,126982304602822,126982304602822,126982305060586,126982305487832,126982305640420,126982305976113,126982306159219,126982308783730,126982310523232,274659,305176,126982317969521,
0,126982320495157,126982320495157,9223372036854775807,0,126982321265419,126982321265419,126982321845253,126982322272499,126982322425087,126982322760780,126982322943886,126982325843055,126982327674110,274658,396728,126982335028846,
0,126982337185707,126982337185707,9223372036854775807,0,126982338294227,126982338324744,126982339759070,126982339942176,126982340247352,126982340796669,126982341315468,126982345526893,126982348242957,396728,518798,126982355078895,
0,126982353875493,126982353875493,9223372036854775807,0,126982354376991,126982354407509,126982354895790,126982355292519,126982355536659,126982356055458,126982356543739,126982360663613,126982363196572,366211,427246,126982370154580,
0,126982370570618,126982370570618,9223372036854775807,0,126982371009072,126982371009072,126982372107705,126982372260293,126982372504433,126982373175820,126982373389443,126982377478798,126982380347452,366211,488282,126982387030801,
0,126982387262981,126982387262981,9223372036854775807,0,126982387702187,126982387702187,126982388404092,126982388587197,126982388892373,126982389533242,126982390082558,126982394049843,126982396643837,427246,427246,126982403571327,
0,126982403949162,126982403949162,9223372036854775807,0,126982404395302,126982404395302,126982404883583,126982405432899,126982405677040,126982407019813,126982407263954,126982411444862,126982414038856,427247,427246,126982423346717,
0,126982420637756,126982420637756,9223372036854775807,0,126982421118934,126982421118934,126982423011024,126982423194130,126982423438270,126982423926551,126982424170692,126982428168495,126982430854042,396729,488281,126982437873085,
0,126982437327732,126982437327732,9223372036854775807,0,126982438178261,126982438208778,126982440406045,126982440589150,126982441474160,126982441931923,126982442206582,126982446326454,126982449012001,427246,518799,126982456824502,
0,126982454019431,126982454019431,9223372036854775807,0,126982454535683,126982454535683,126982455512246,126982455695351,126982455939492,126982456488808,126982457007607,126982461157998,126982464087686,488281,579834,126982470740517,
0,126982470712844,126982470712844,9223372036854775807,0,126982471137246,126982471137246,126982472296914,126982472449502,126982472724160,126982473334511,126982473609170,126982477454384,126982480262001,396728,518798,126982487006385,
0,126982487403483,126982487403483,9223372036854775807,0,126982487860878,126982487860878,126982488562782,126982488745887,126982488990028,126982490210731,126982490454872,126982494513709,126982497077186,396728,396729,126982504065712,
0,126982504088283,126982504088283,9223372036854775807,0,126982505194862,126982505225379,126982505896766,126982506568153,126982506812293,126982507300575,126982507575233,126982511695107,126982514228065,396729,396728,126982523474892,
0,126982520774821,126982520774821,9223372036854775807,0,126982521216591,126982521247109,126982521949013,126982522132119,126982522376259,126982522864541,126982523383339,126982527442177,126982530158242,396728,488281,126982536963662,
0,126982537463070,126982537463070,9223372036854775807,0,126982537879189,126982537879189,126982539374550,126982539527138,126982540229043,126982540717325,126982540991983,126982544989785,126982547675332,396729,488281,126982555945595,
0,126982554153033,126982554153033,9223372036854775807,0,126982554572304,126982554572304,126982555487832,126982555640419,126982555884560,126982556647499,126982556922158,126982561042030,126982563605507,396729,427246,126982570532997,
0,126982570844734,126982570844734,9223372036854775807,0,126982572058875,126982572058875,126982573584754,126982573737342,126982574012000,126982574530799,126982574744422,126982578833777,126982582465370,457764,701904,126982591132363,
0,126982587533647,126982587533647,9223372036854775807,0,126982588782508,126982588782508,126982590583046,126982590766152,126982591040810,126982591742714,126982592017372,126982596259315,126982599311073,488281,640869,126982606177529,
0,126982604219101,126982604219101,9223372036854775807,0,126982604712685,126982604712685,126982605231484,126982605872353,126982606116493,126982607337197,126982607611855,126982612128457,126982614966592,579834,518799,126982621741494,
0,126982620907948,126982620907948,9223372036854775807,0,126982622199258,126982622199258,126982623389444,126982623572549,126982623816690,126982624396524,126982624640664,126982629035195,126982632300576,488281,701904,126982639502724,
0,126982637600873,126982637600873,9223372036854775807,0,126982638098915,126982638098915,126982639014443,126982639197548,126982639441689,126982640662392,126982640906532,126982645148475,126982648108680,579834,518798,126982654730994,
0,126982654287986,126982654287986,9223372036854775807,0,126982655249793,126982655249793,126982656562049,126982656714637,126982656928260,126982657233436,126982657416541,126982660224159,126982662299354,335694,457763,126982669470985,
0,126982670967647,126982670967647,9223372036854775807,0,126982671851357,126982671851357,126982672766884,126982672888954,126982673133095,126982673499306,126982673987587,126982676886757,126982678778846,274659,335694,126982686103066,
0,126982687655874,126982687655874,9223372036854775807,0,126982688513954,126982688513954,126982689032753,126982689154823,126982689337929,126982690711221,126982690894326,126982693671426,126982695441445,244140,335693,126982702918252,
0,126982704347153,126982704347153,9223372036854775807,0,126982705207070,126982705207070,126982705725869,126982706275186,126982706458291,126982734503944,126982734687049,126982738043982,126982739752967,274658,274658,126982746894081,
0,126983572070760,126983572070760,126983556000000,126983560000000,126983572272497,126983573371130,126983573371130,126983573462683,126983573645788,126983574103552,126983574286657,126983577216344,126983586249548,335693,335694,126983594794469,
0,126983588758047,126983588758047,126983576000000,126983583758047,126983589087683,126983591162878,126983591162878,126983591284948,126983591925817,126983592444616,126983593146520,126983598181920,126983599921422,305176,305176,126983608771520,
0,126983605450834,126983605450834,126983591000000,126983598500000,126983605811315,126983607306677,126983607306677,126983607428747,126983608283239,126983609015661,126983609198766,126983612067419,126983613898474,305176,366211,126983622473914,
0,126983622199132,126983622199132,126983607000000,126983615000000,126983623297888,126983625067908,126983625067908,126983625189978,126983625373084,126983625739295,126983626105505,126983628974158,126983630835731,305176,366210,126983638190467,
0,126983636192001,126983636192001,126983625000000,126983631192001,126983636512000,126983638312537,126983638312537,126983638434607,126983639014441,126983639380652,126983640479286,126983643286903,126983645240028,335693,396729,126983652381142,
0,126983652837787,126983652837787,9223372036854775807,0,126983653144081,126983653174599,126983653784950,126983653907020,126983654090126,126983654639442,126983654975136,126983657782753,126983659644325,274658,396728,126983667090614,
0,126983669191426,126983669191426,9223372036854775807,0,126983669501503,126983669501503,126983671332558,126983671485146,126983672034463,126983672492226,126983672705849,126983675513466,126983677344521,305176,366211,126983684760293,
0,126983685741177,126983685741177,9223372036854775807,0,126983686072549,126983686072549,126983686988076,126983687140664,126983687293252,126983687751015,126983687934121,126983690741738,126983692572792,335693,335694,126983699988563,
0,126983702334587,126983702334587,9223372036854775807,0,126983703131874,126983703131874,126983704657753,126983704779823,126983705298622,126983705664833,126983705878456,126983708960731,126983710761268,305176,274658,126983718177039,
0,126983718973771,126983718973771,9223372036854775807,0,126983719794470,126983719794470,126983721442420,126983721564490,126983722174841,126983722541052,126983722724158,126983725348669,126983727088171,305176,274658,126983734564978,
0,126983735610952,126983735610952,9223372036854775807,0,126983736426551,126983736426551,126983737433631,126983737555701,126983737830359,126983738166052,126983738379675,126983741217811,126983742926795,274658,274658,126983750403602,
0,126983752274461,126983752274461,9223372036854775807,0,126983752600868,126983752600868,126983753638465,126983753760536,126983754309852,126983754645545,126983754859169,126983757880409,126983759955604,457763,335693,126983767340858,
0,126983768911242,126983768911242,9223372036854775807,0,126983769873817,126983769873817,126983771002968,126983771125039,126983771338662,126983771704873,126983771887978,126983774695595,126983776435097,274658,305176,126983783911904,
0,126983785568016,126983785568016,9223372036854775807,0,126983786414345,126983786414345,126983787696084,126983787818154,126983788397988,126983788733681,126983788916787,126983792273721,126983794348916,335693,335693,126983801642617,
0,126983802223232,126983802223232,9223372036854775807,0,126983803046425,126983803046425,126983804511269,126983804694374,126983804877480,126983805213173,126983805426796,126983808173378,126983809882362,274658,274659,126983817328651,
0,126983818905734,126983818905734,9223372036854775807,0,126983819678504,126983819678504,126983821143348,126983821295936,126983822119911,126983822455604,126983822669227,126983825476844,126983827491004,518798,274658,126983835028845,
0,126983835568020,126983835568020,9223372036854775807,0,126983836402136,126983836402136,126983837470251,126983837592322,126983837775427,126983838172156,126983838385779,126983841651160,126983843573768,305176,335693,126983850897987,
0,126983852204673,126983852204673,9223372036854775807,0,126983853034217,126983853034217,126983854254920,126983854376991,126983854956825,126983855292518,126983855475623,126983858222205,126983859992225,305176,305176,126983867469032,
0,126983868868008,126983868868008,9223372036854775807,0,126983869696815,126983869696815,126983870948036,126983871100624,126983871283730,126983871649941,126983871833046,126983874732216,126983884528359,305175,305176,126983884040078,
0,126983885533089,126983885533089,9223372036854775807,0,126983886359413,126983886359413,126983886817177,126983887244423,126983887427529,126983887702187,126983887885292,126983890601358,126983892279824,274658,274658,126983899787148,
0,126983902199153,126983902199153,9223372036854775807,0,126983903052530,126983903052530,126983904364785,126983904486856,126983905097207,126983905402383,126983905616006,126983908393105,126983910163126,305175,274658,126983917670450,
0,126983918866037,126983918866037,9223372036854775807,0,126983919715127,126983919715127,126983921973428,126983922156533,126983922339639,126983923285684,126983923499307,126983926276406,126983928076943,274658,366211,126983935462197,
0,126983935538726,126983935538726,9223372036854775807,0,126983935858925,126983935858925,126983936377724,126983936499794,126983936682900,126983937140663,126983937567909,126983940467079,126983942542274,274658,305176,126983949805457,
0,126983952236106,126983952236106,9223372036854775807,0,126983952552039,126983952552039,126983953589637,126983953711707,126983954291541,126983954627234,126983954840857,126983957587439,126983959387976,305176,335693,126983966803747,
0,126983969433560,126983969433560,9223372036854775807,0,126983970618445,126983970618445,126983971289832,126983971564490,126983971747596,126983972052771,126983972235877,126983975043494,126983976752478,274658,274658,126983984229285,
0,126983986141294,126983986141294,9223372036854775807,0,126983986457068,126983986457068,126983986762244,126983987158973,126983987342078,126983988135535,126983988318641,126983991156776,126983992896278,274659,274658,126984000312050,
0,126984002829017,126984002829017,9223372036854775807,0,126984003150185,126984003150185,126984003882606,126984004004677,126984004584511,126984004920204,126984005133827,126984007727821,126984009436805,305176,274658,126984016944130,
0,126984019514463,126984019514463,9223372036854775807,0,126984019843300,126984019843300,126984021002969,126984021125039,126984021308144,126984021643838,126984021887978,126984024604043,126984026465615,335693,335693,126984033850869,
0,126984036205695,126984036205695,9223372036854775807,0,126984036994180,126984037024697,126984037909707,126984038031777,126984038214883,126984038550576,126984038703164,126984041480263,126984043189248,244141,274658,126984050696571,
0,126984052893578,126984052893578,9223372036854775807,0,126984053687294,126984053717811,126984054175575,126984054602821,126984054755409,126984055121620,126984055304725,126984057929237,126984059607704,274658,274658,126984071662146,
0,126984069582978,126984069582978,9223372036854775807,0,126984070044715,126984070044715,126984071082312,126984071234900,126984071936804,126984072425086,126984072608191,126984075446326,126984077429968,335694,396728,126984084723670,
0,126984086267128,126984086267128,9223372036854775807,0,126984087104041,126984087104041,126984088233191,126984088416297,126984088629920,126984089026648,126984089423377,126984092658241,126984094519813,305176,335693,126984101782997,
0,126984102960540,126984102960540,9223372036854775807,0,126984103888710,126984103888710,126984104376991,126984104834755,126984105078895,126984105475624,126984105841835,126984108679969,126984110694130,335694,305176,126984118018349,
0,126984119648689,126984119648689,9223372036854775807,0,126984120795449,126984120825967,126984121161660,126984121283730,126984121466836,126984121894082,126984122077187,126984124976357,126984126807411,274658,335693,126984134253701,
0,126984136334398,126984136334398,9223372036854775807,0,126984136695107,126984136695107,126984137152871,126984137274941,126984137458047,126984137854775,126984138343056,126984141211709,126984142920694,274658,305175,126984150428018,
0,126984153022327,126984153022327,9223372036854775807,0,126984153357706,126984153357706,126984154517374,126984154639444,126984155188760,126984155524454,126984155707559,126984158423623,126984160346231,274658,427246,126984167670449,
0,126984169704751,126984169704751,9223372036854775807,0,126984170020302,126984170020302,126984171179970,126984171302041,126984171485146,126984172217568,126984172400673,126984175147255,126984176917275,274659,274658,126984184424598,
0,126984186389097,126984186389097,9223372036854775807,0,126984186743934,126984186743934,126984187842567,126984187964637,126984188117225,126984188452918,126984188636024,126984191657264,126984193457801,274658,366211,126984200843054,
0,126984203076475,126984203076475,9223372036854775807,0,126984203894812,126984203894812,126984204383093,126984204779822,126984204962927,126984205298621,126984205481726,126984208350378,126984210120399,274658,305176,126984217505652,
0,126984219765786,126984219765786,9223372036854775807,0,126984220923622,126984220923622,126984221259315,126984221381385,126984221564491,126984222022254,126984222205360,126984224982459,126984226752479,274659,335693,126984234137733,
0,126984236454241,126984236454241,9223372036854775807,0,126984236762245,126984236762245,126984237097938,126984237220008,126984237372596,126984237830360,126984238288123,126984240973671,126984242652138,274658,274659,126984250189980,
0,126984253141711,126984253141711,9223372036854775807,0,126984253455361,126984253455361,126984254187783,126984254309853,126984254492958,126984255133827,126984255347451,126984258002480,126984259772499,274658,366211,126984267157754,
0,126984269825286,126984269825286,9223372036854775807,0,126984270148477,126984270178995,126984271064004,126984271186075,126984271735391,126984272010049,126984272223672,126984274970254,126984276740273,305176,274659,126984284217080,
0,126984286512114,126984286512114,9223372036854775807,0,126984286872109,126984286872109,126984287207802,126984287604531,126984287787636,126984288611611,126984288825234,126984291602333,126984293402870,305176,335693,126984300849159,
0,126984303199309,126984303199309,9223372036854775807,0,126984303534705,126984303534705,126984304145057,126984304267127,126984304450233,126984304938514,126984305152137,126984307898719,126984309577185,244141,274659,126984317023474,
0,126984320001372,126984320001372,9223372036854775807,0,126984320868690,126984320868690,126984321356971,126984321479041,126984322150428,126984322486121,126984322638709,126984325324256,126984327063758,274658,274658,126984334510047,
0,126984336668166,126984336668166,9223372036854775807,0,126984337134559,126984337134559,126984337470252,126984337592322,126984337775428,126984338172156,126984338507850,126984341407020,126984343085487,274658,274658,126984350562294,
0,126984353361235,126984353361235,9223372036854775807,0,126984353888710,126984353888710,126984355078896,126984355200966,126984355384071,126984355719765,126984355902870,126984358618934,126984360419472,274658,335695,126984367774208,
0,126984370036772,126984370036772,9223372036854775807,0,126984370368203,126984370368203,126984370825967,126984370948037,126984371131143,126984371649941,126984371863565,126984374579629,126984376288613,274658,274658,126984383795938,
0,126984386721585,126984386721585,9223372036854775807,0,126984387549600,126984387549600,126984388159951,126984388587197,126984388800820,126984389105996,126984389289102,126984392340860,126984394080362,274658,305176,126984401526651,
0,126984403401133,126984403401133,9223372036854775807,0,126984404212197,126984404212197,126984404669961,126984405097207,126984405249795,126984405616006,126984405799111,126984408484658,126984410193642,274658,305175,126984417670448,
0,126984420078484,126984420078484,9223372036854775807,0,126984420905311,126984420905311,126984422492225,126984422614296,126984422797401,126984423163612,126984423316200,126984426001747,126984427771766,335693,274658,126984435279090,
0,126984436753909,126984436753909,9223372036854775807,0,126984437628943,126984437628943,126984439215857,126984439337928,126984439917761,126984440283972,126984440497595,126984443488318,126984445441443,335693,335693,126984452765662,
0,126984453437432,126984453437432,9223372036854775807,0,126984454352576,126984454352576,126984454871375,126984455329139,126984455573279,126984455908972,126984456092078,126984459113318,126984461035926,305176,335693,126984468329627,
0,126984470126508,126984470126508,9223372036854775807,0,126984470984657,126984470984657,126984471472938,126984471930702,126984472174843,126984472541053,126984472724159,126984475501258,126984477881629,396728,396728,126984485144813,
0,126984486811321,126984486811321,9223372036854775807,0,126984487708290,126984487708290,126984488684852,126984488867958,126984489081581,126984489417274,126984489630897,126984492713173,126984494666298,366210,305176,126984502021035,
0,126984503486383,126984503486383,9223372036854775807,0,126984504401406,126984504401406,126984505408486,126984505591592,126984505774697,126984506140908,126984506354531,126984509375771,126984511298379,305176,305175,126984518714150,
0,126984520163159,126984520163159,9223372036854775807,0,126984521033486,126984521033486,126984521552285,126984522010049,126984522254189,126984522589882,126984522803505,126984525763710,126984527655800,305175,335693,126984535010536,
0,126984536841658,126984536841658,9223372036854775807,0,126984537696083,126984537726600,126984538855751,126984539038856,126984539221961,126984539588172,126984539801795,126984542792518,126984544745643,335693,335693,126984552069861,
0,126984553521871,126984553521871,9223372036854775807,0,126984554389197,126984554389197,126984554877478,126984555335242,126984555518347,126984555884558,126984556067664,126984559058386,126984560980994,274658,305176,126984568244178,
0,126984570203822,126984570203822,9223372036854775807,0,126984571082313,126984571082313,126984571570594,126984571692665,126984572211463,126984572547157,126984572730262,126984575690467,126984577521522,274658,274658,126984584937294,
0,126984586887471,126984586887471,9223372036854775807,0,126984587775428,126984587805946,126984588294227,126984588721473,126984588935096,126984589301307,126984589514930,126984592475136,126984594489296,305176,366211,126984601752480,
0,126984603561384,126984603561384,9223372036854775807,0,126984603888711,126984603888711,126984604529580,126984604682167,126984604865273,126984605262001,126984605780800,126984608771523,126984610816201,274658,396728,126984618018349,
0,126984620237021,126984620237021,9223372036854775807,0,126984620551309,126984620581827,126984621619424,126984621741495,126984621955118,126984622321329,126984622534952,126984625708780,126984628058633,366211,427246,126984635199747,
0,126984636914372,126984636914372,9223372036854775807,0,126984637244424,126984637274942,126984637641153,126984637793741,126984638007364,126984638495645,126984638678750,126984641822061,126984644141397,488281,396729,126984651221474,
0,126984653660488,126984653660488,9223372036854775807,0,126984653998574,126984653998574,126984654364785,126984655005654,126984655188759,126984655585488,126984655768593,126984658881386,126984661139686,366211,427246,126984668189247,
0,126984670348394,126984670348394,9223372036854775807,0,126984671302039,126984671302039,126984671820838,126984672278602,126984672553260,126984672919471,126984673102576,126984676306922,126984678534705,366211,457763,126981833564004,
0,126984687040657,126984687040657,9223372036854775807,0,126984687964636,126984687964636,126984689398962,126984689551550,126984689765173,126984690192420,126984690589149,126984693671424,126984695777137,366211,366211,126981851599892,
0,126984703724046,126984703724046,9223372036854775807,0,126984704657752,126984704657752,126984705023963,126984705146033,126984705512244,126984706000526,126984706519324,126984709754187,126984711768348,396729,335694,126981867194373,
---PROFILEDATA---


View hierarchy:

  works.mees.dinghy/works.mees.dinghy.MainActivity/android.view.ViewRootImpl@262611e
  59 views, 77.84 kB of render nodes


Total ViewRootImpl   : 1
Total attached Views : 59
Total RenderNode     : 77.84 kB (used) / 319.69 kB (capacity)

