Applications Graphics Acceleration Info:
Uptime: 126986723 Realtime: 126986723

** Graphics info for pid 443 [works.mees.dinghy] **

Stats since: 126962229926308ns
Total frames rendered: 851
Janky frames: 24 (2.82%)
50th percentile: 7ms
90th percentile: 10ms
95th percentile: 14ms
99th percentile: 22ms
Number Missed Vsync: 2
Number High input latency: 812
Number Slow UI thread: 4
Number Slow bitmap uploads: 1
Number Slow issue draw commands: 5
Number Frame deadline missed: 12
HISTOGRAM: 5ms=26 6ms=148 7ms=270 8ms=170 9ms=133 10ms=26 11ms=17 12ms=7 13ms=11 14ms=6 15ms=10 16ms=3 17ms=1 18ms=8 19ms=2 20ms=2 21ms=2 22ms=1 23ms=1 24ms=3 25ms=1 26ms=2 27ms=0 28ms=0 29ms=1 30ms=0 31ms=0 32ms=0 34ms=0 36ms=0 38ms=0 40ms=0 42ms=0 44ms=0 46ms=0 48ms=0 53ms=0 57ms=0 61ms=0 65ms=0 69ms=0 73ms=0 77ms=0 81ms=0 85ms=0 89ms=0 93ms=0 97ms=0 101ms=0 105ms=0 109ms=0 113ms=0 117ms=0 121ms=0 125ms=0 129ms=0 133ms=0 150ms=0 200ms=0 250ms=0 300ms=0 350ms=0 400ms=0 450ms=0 500ms=0 550ms=0 600ms=0 650ms=0 700ms=0 750ms=0 800ms=0 850ms=0 900ms=0 950ms=0 1000ms=0 1050ms=0 1100ms=0 1150ms=0 1200ms=0 1250ms=0 1300ms=0 1350ms=0 1400ms=0 1450ms=0 1500ms=0 1550ms=0 1600ms=0 1650ms=0 1700ms=0 1750ms=0 1800ms=0 1850ms=0 1900ms=0 1950ms=0 2000ms=0 2050ms=0 2100ms=0 2150ms=0 2200ms=0 2250ms=0 2300ms=0 2350ms=0 2400ms=0 2450ms=0 2500ms=0 2550ms=0 2600ms=0 2650ms=0 2700ms=0 2750ms=0 2800ms=0 2850ms=0 2900ms=0 2950ms=0 3000ms=0 3050ms=0 3100ms=0 3150ms=0 3200ms=0 3250ms=0 3300ms=0 3350ms=0 3400ms=0 3450ms=0 3500ms=0 3550ms=0 3600ms=0 3650ms=0 3700ms=0 3750ms=0 3800ms=0 3850ms=0 3900ms=0 3950ms=0 4000ms=0 4050ms=0 4100ms=0 4150ms=0 4200ms=0 4250ms=0 4300ms=0 4350ms=0 4400ms=0 4450ms=0 4500ms=0 4550ms=0 4600ms=0 4650ms=0 4700ms=0 4750ms=0 4800ms=0 4850ms=0 4900ms=0 4950ms=0
50th gpu percentile: 17ms
90th gpu percentile: 21ms
95th gpu percentile: 21ms
99th gpu percentile: 22ms
GPU HISTOGRAM: 1ms=0 2ms=0 3ms=0 4ms=0 5ms=0 6ms=0 7ms=0 8ms=0 9ms=2 10ms=322 11ms=32 12ms=15 13ms=16 14ms=5 15ms=10 16ms=11 17ms=13 18ms=50 19ms=126 20ms=128 21ms=97 22ms=20 23ms=1 24ms=0 25ms=0 4950ms=3
Font Cache (CPU):
  Size: 342.05 kB 
  Glyph Count: 68 
CPU Caches:
GPU Caches:
  Other:
    Other: 28.50 KB (1 entry)
    Buffer Object: 2.05 KB (2 entries)
  Image:
    Texture: 0.00 bytes (109 entries)
  Scratch:
    Texture: 4.26 MB (2 entries)
    Buffer Object: 48.00 KB (1 entry)
Other Caches:
                         Current / Maximum
  Layers Total           0.00 KB (numLayers = 0)
Total GPU memory usage:
  4550544 bytes, 4.34 MB (271.39 KB is purgeable)


Pipeline=Skia (OpenGL)
Profile data in ms:

	works.mees.dinghy/works.mees.dinghy.MainActivity/android.view.ViewRootImpl@262611e (visibility=0)
Window: works.mees.dinghy/works.mees.dinghy.MainActivity
Stats since: 126962229926308ns
Total frames rendered: 851
Janky frames: 24 (2.82%)
50th percentile: 7ms
90th percentile: 10ms
95th percentile: 14ms
99th percentile: 22ms
Number Missed Vsync: 2
Number High input latency: 812
Number Slow UI thread: 4
Number Slow bitmap uploads: 1
Number Slow issue draw commands: 5
Number Frame deadline missed: 12
HISTOGRAM: 5ms=26 6ms=148 7ms=270 8ms=170 9ms=133 10ms=26 11ms=17 12ms=7 13ms=11 14ms=6 15ms=10 16ms=3 17ms=1 18ms=8 19ms=2 20ms=2 21ms=2 22ms=1 23ms=1 24ms=3 25ms=1 26ms=2 27ms=0 28ms=0 29ms=1 30ms=0 31ms=0 32ms=0 34ms=0 36ms=0 38ms=0 40ms=0 42ms=0 44ms=0 46ms=0 48ms=0 53ms=0 57ms=0 61ms=0 65ms=0 69ms=0 73ms=0 77ms=0 81ms=0 85ms=0 89ms=0 93ms=0 97ms=0 101ms=0 105ms=0 109ms=0 113ms=0 117ms=0 121ms=0 125ms=0 129ms=0 133ms=0 150ms=0 200ms=0 250ms=0 300ms=0 350ms=0 400ms=0 450ms=0 500ms=0 550ms=0 600ms=0 650ms=0 700ms=0 750ms=0 800ms=0 850ms=0 900ms=0 950ms=0 1000ms=0 1050ms=0 1100ms=0 1150ms=0 1200ms=0 1250ms=0 1300ms=0 1350ms=0 1400ms=0 1450ms=0 1500ms=0 1550ms=0 1600ms=0 1650ms=0 1700ms=0 1750ms=0 1800ms=0 1850ms=0 1900ms=0 1950ms=0 2000ms=0 2050ms=0 2100ms=0 2150ms=0 2200ms=0 2250ms=0 2300ms=0 2350ms=0 2400ms=0 2450ms=0 2500ms=0 2550ms=0 2600ms=0 2650ms=0 2700ms=0 2750ms=0 2800ms=0 2850ms=0 2900ms=0 2950ms=0 3000ms=0 3050ms=0 3100ms=0 3150ms=0 3200ms=0 3250ms=0 3300ms=0 3350ms=0 3400ms=0 3450ms=0 3500ms=0 3550ms=0 3600ms=0 3650ms=0 3700ms=0 3750ms=0 3800ms=0 3850ms=0 3900ms=0 3950ms=0 4000ms=0 4050ms=0 4100ms=0 4150ms=0 4200ms=0 4250ms=0 4300ms=0 4350ms=0 4400ms=0 4450ms=0 4500ms=0 4550ms=0 4600ms=0 4650ms=0 4700ms=0 4750ms=0 4800ms=0 4850ms=0 4900ms=0 4950ms=0
50th gpu percentile: 17ms
90th gpu percentile: 21ms
95th gpu percentile: 21ms
99th gpu percentile: 22ms
GPU HISTOGRAM: 1ms=0 2ms=0 3ms=0 4ms=0 5ms=0 6ms=0 7ms=0 8ms=0 9ms=2 10ms=322 11ms=32 12ms=15 13ms=16 14ms=5 15ms=10 16ms=11 17ms=13 18ms=50 19ms=126 20ms=128 21ms=97 22ms=20 23ms=1 24ms=0 25ms=0 4950ms=3


---PROFILEDATA---
Flags,IntendedVsync,Vsync,OldestInputEvent,NewestInputEvent,HandleInputStart,AnimationStart,PerformTraversalsStart,DrawStart,SyncQueued,SyncStart,IssueDrawCommandsStart,SwapBuffers,FrameCompleted,DequeueBufferDuration,QueueBufferDuration,GpuCompleted,
0,126983885533089,126983885533089,9223372036854775807,0,126983886359413,126983886359413,126983886817177,126983887244423,126983887427529,126983887702187,126983887885292,126983890601358,126983892279824,274658,274658,126983899787148,
0,126983902199153,126983902199153,9223372036854775807,0,126983903052530,126983903052530,126983904364785,126983904486856,126983905097207,126983905402383,126983905616006,126983908393105,126983910163126,305175,274658,126983917670450,
0,126983918866037,126983918866037,9223372036854775807,0,126983919715127,126983919715127,126983921973428,126983922156533,126983922339639,126983923285684,126983923499307,126983926276406,126983928076943,274658,366211,126983935462197,
0,126983935538726,126983935538726,9223372036854775807,0,126983935858925,126983935858925,126983936377724,126983936499794,126983936682900,126983937140663,126983937567909,126983940467079,126983942542274,274658,305176,126983949805457,
0,126983952236106,126983952236106,9223372036854775807,0,126983952552039,126983952552039,126983953589637,126983953711707,126983954291541,126983954627234,126983954840857,126983957587439,126983959387976,305176,335693,126983966803747,
0,126983969433560,126983969433560,9223372036854775807,0,126983970618445,126983970618445,126983971289832,126983971564490,126983971747596,126983972052771,126983972235877,126983975043494,126983976752478,274658,274658,126983984229285,
0,126983986141294,126983986141294,9223372036854775807,0,126983986457068,126983986457068,126983986762244,126983987158973,126983987342078,126983988135535,126983988318641,126983991156776,126983992896278,274659,274658,126984000312050,
0,126984002829017,126984002829017,9223372036854775807,0,126984003150185,126984003150185,126984003882606,126984004004677,126984004584511,126984004920204,126984005133827,126984007727821,126984009436805,305176,274658,126984016944130,
0,126984019514463,126984019514463,9223372036854775807,0,126984019843300,126984019843300,126984021002969,126984021125039,126984021308144,126984021643838,126984021887978,126984024604043,126984026465615,335693,335693,126984033850869,
0,126984036205695,126984036205695,9223372036854775807,0,126984036994180,126984037024697,126984037909707,126984038031777,126984038214883,126984038550576,126984038703164,126984041480263,126984043189248,244141,274658,126984050696571,
0,126984052893578,126984052893578,9223372036854775807,0,126984053687294,126984053717811,126984054175575,126984054602821,126984054755409,126984055121620,126984055304725,126984057929237,126984059607704,274658,274658,126984071662146,
0,126984069582978,126984069582978,9223372036854775807,0,126984070044715,126984070044715,126984071082312,126984071234900,126984071936804,126984072425086,126984072608191,126984075446326,126984077429968,335694,396728,126984084723670,
0,126984086267128,126984086267128,9223372036854775807,0,126984087104041,126984087104041,126984088233191,126984088416297,126984088629920,126984089026648,126984089423377,126984092658241,126984094519813,305176,335693,126984101782997,
0,126984102960540,126984102960540,9223372036854775807,0,126984103888710,126984103888710,126984104376991,126984104834755,126984105078895,126984105475624,126984105841835,126984108679969,126984110694130,335694,305176,126984118018349,
0,126984119648689,126984119648689,9223372036854775807,0,126984120795449,126984120825967,126984121161660,126984121283730,126984121466836,126984121894082,126984122077187,126984124976357,126984126807411,274658,335693,126984134253701,
0,126984136334398,126984136334398,9223372036854775807,0,126984136695107,126984136695107,126984137152871,126984137274941,126984137458047,126984137854775,126984138343056,126984141211709,126984142920694,274658,305175,126984150428018,
0,126984153022327,126984153022327,9223372036854775807,0,126984153357706,126984153357706,126984154517374,126984154639444,126984155188760,126984155524454,126984155707559,126984158423623,126984160346231,274658,427246,126984167670449,
0,126984169704751,126984169704751,9223372036854775807,0,126984170020302,126984170020302,126984171179970,126984171302041,126984171485146,126984172217568,126984172400673,126984175147255,126984176917275,274659,274658,126984184424598,
0,126984186389097,126984186389097,9223372036854775807,0,126984186743934,126984186743934,126984187842567,126984187964637,126984188117225,126984188452918,126984188636024,126984191657264,126984193457801,274658,366211,126984200843054,
0,126984203076475,126984203076475,9223372036854775807,0,126984203894812,126984203894812,126984204383093,126984204779822,126984204962927,126984205298621,126984205481726,126984208350378,126984210120399,274658,305176,126984217505652,
0,126984219765786,126984219765786,9223372036854775807,0,126984220923622,126984220923622,126984221259315,126984221381385,126984221564491,126984222022254,126984222205360,126984224982459,126984226752479,274659,335693,126984234137733,
0,126984236454241,126984236454241,9223372036854775807,0,126984236762245,126984236762245,126984237097938,126984237220008,126984237372596,126984237830360,126984238288123,126984240973671,126984242652138,274658,274659,126984250189980,
0,126984253141711,126984253141711,9223372036854775807,0,126984253455361,126984253455361,126984254187783,126984254309853,126984254492958,126984255133827,126984255347451,126984258002480,126984259772499,274658,366211,126984267157754,
0,126984269825286,126984269825286,9223372036854775807,0,126984270148477,126984270178995,126984271064004,126984271186075,126984271735391,126984272010049,126984272223672,126984274970254,126984276740273,305176,274659,126984284217080,
0,126984286512114,126984286512114,9223372036854775807,0,126984286872109,126984286872109,126984287207802,126984287604531,126984287787636,126984288611611,126984288825234,126984291602333,126984293402870,305176,335693,126984300849159,
0,126984303199309,126984303199309,9223372036854775807,0,126984303534705,126984303534705,126984304145057,126984304267127,126984304450233,126984304938514,126984305152137,126984307898719,126984309577185,244141,274659,126984317023474,
0,126984320001372,126984320001372,9223372036854775807,0,126984320868690,126984320868690,126984321356971,126984321479041,126984322150428,126984322486121,126984322638709,126984325324256,126984327063758,274658,274658,126984334510047,
0,126984336668166,126984336668166,9223372036854775807,0,126984337134559,126984337134559,126984337470252,126984337592322,126984337775428,126984338172156,126984338507850,126984341407020,126984343085487,274658,274658,126984350562294,
0,126984353361235,126984353361235,9223372036854775807,0,126984353888710,126984353888710,126984355078896,126984355200966,126984355384071,126984355719765,126984355902870,126984358618934,126984360419472,274658,335695,126984367774208,
0,126984370036772,126984370036772,9223372036854775807,0,126984370368203,126984370368203,126984370825967,126984370948037,126984371131143,126984371649941,126984371863565,126984374579629,126984376288613,274658,274658,126984383795938,
0,126984386721585,126984386721585,9223372036854775807,0,126984387549600,126984387549600,126984388159951,126984388587197,126984388800820,126984389105996,126984389289102,126984392340860,126984394080362,274658,305176,126984401526651,
0,126984403401133,126984403401133,9223372036854775807,0,126984404212197,126984404212197,126984404669961,126984405097207,126984405249795,126984405616006,126984405799111,126984408484658,126984410193642,274658,305175,126984417670448,
0,126984420078484,126984420078484,9223372036854775807,0,126984420905311,126984420905311,126984422492225,126984422614296,126984422797401,126984423163612,126984423316200,126984426001747,126984427771766,335693,274658,126984435279090,
0,126984436753909,126984436753909,9223372036854775807,0,126984437628943,126984437628943,126984439215857,126984439337928,126984439917761,126984440283972,126984440497595,126984443488318,126984445441443,335693,335693,126984452765662,
0,126984453437432,126984453437432,9223372036854775807,0,126984454352576,126984454352576,126984454871375,126984455329139,126984455573279,126984455908972,126984456092078,126984459113318,126984461035926,305176,335693,126984468329627,
0,126984470126508,126984470126508,9223372036854775807,0,126984470984657,126984470984657,126984471472938,126984471930702,126984472174843,126984472541053,126984472724159,126984475501258,126984477881629,396728,396728,126984485144813,
0,126984486811321,126984486811321,9223372036854775807,0,126984487708290,126984487708290,126984488684852,126984488867958,126984489081581,126984489417274,126984489630897,126984492713173,126984494666298,366210,305176,126984502021035,
0,126984503486383,126984503486383,9223372036854775807,0,126984504401406,126984504401406,126984505408486,126984505591592,126984505774697,126984506140908,126984506354531,126984509375771,126984511298379,305176,305175,126984518714150,
0,126984520163159,126984520163159,9223372036854775807,0,126984521033486,126984521033486,126984521552285,126984522010049,126984522254189,126984522589882,126984522803505,126984525763710,126984527655800,305175,335693,126984535010536,
0,126984536841658,126984536841658,9223372036854775807,0,126984537696083,126984537726600,126984538855751,126984539038856,126984539221961,126984539588172,126984539801795,126984542792518,126984544745643,335693,335693,126984552069861,
0,126984553521871,126984553521871,9223372036854775807,0,126984554389197,126984554389197,126984554877478,126984555335242,126984555518347,126984555884558,126984556067664,126984559058386,126984560980994,274658,305176,126984568244178,
0,126984570203822,126984570203822,9223372036854775807,0,126984571082313,126984571082313,126984571570594,126984571692665,126984572211463,126984572547157,126984572730262,126984575690467,126984577521522,274658,274658,126984584937294,
0,126984586887471,126984586887471,9223372036854775807,0,126984587775428,126984587805946,126984588294227,126984588721473,126984588935096,126984589301307,126984589514930,126984592475136,126984594489296,305176,366211,126984601752480,
0,126984603561384,126984603561384,9223372036854775807,0,126984603888711,126984603888711,126984604529580,126984604682167,126984604865273,126984605262001,126984605780800,126984608771523,126984610816201,274658,396728,126984618018349,
0,126984620237021,126984620237021,9223372036854775807,0,126984620551309,126984620581827,126984621619424,126984621741495,126984621955118,126984622321329,126984622534952,126984625708780,126984628058633,366211,427246,126984635199747,
0,126984636914372,126984636914372,9223372036854775807,0,126984637244424,126984637274942,126984637641153,126984637793741,126984638007364,126984638495645,126984638678750,126984641822061,126984644141397,488281,396729,126984651221474,
0,126984653660488,126984653660488,9223372036854775807,0,126984653998574,126984653998574,126984654364785,126984655005654,126984655188759,126984655585488,126984655768593,126984658881386,126984661139686,366211,427246,126984668189247,
0,126984670348394,126984670348394,9223372036854775807,0,126984671302039,126984671302039,126984671820838,126984672278602,126984672553260,126984672919471,126984673102576,126984676306922,126984678534705,366211,457763,126984685645300,
0,126984687040657,126984687040657,9223372036854775807,0,126984687964636,126984687964636,126984689398962,126984689551550,126984689765173,126984690192420,126984690589149,126984693671424,126984695777137,366211,366211,126984702979286,
0,126984703724046,126984703724046,9223372036854775807,0,126984704657752,126984704657752,126984705023963,126984705146033,126984705512244,126984706000526,126984706519324,126984709754187,126984711768348,396729,335694,126984719001014,
0,126984720411906,126984720411906,9223372036854775807,0,126984721259316,126984721259316,126984722144325,126984722266396,126984722480019,126984758307656,126984758460244,126984761573037,126984763983925,305176,335693,126984771002968,
0,126984737105028,126984753771695,9223372036854775807,0,126984758826455,126984758826455,126984759253701,126984759375771,126984759528359,126984764319619,126984764502724,126984767218788,126984771460732,213623,2929687,126984779273231,
0,126985604876855,126985604876855,126985589000000,126985597000000,126985605078897,126985607001504,126985607032021,126985607123574,126985607672890,126985608130654,126985608344277,126985611243447,126985624457557,915527,1495362,126985631781776,
0,126985621564807,126985621564807,126985608000000,126985616000000,126985621833046,126985623236854,126985623236854,126985623358925,126985623969276,126985624823768,126985625067909,126985627997596,126985632086952,427246,2471924,126985642523963,
0,126985638252759,126985638252759,126985624000000,126985632000000,126985639228064,126985642096717,126985642096717,126985642188269,126985642371375,126985643286902,126985643927771,126985646826941,126985648780066,427246,305175,126985657447058,
0,126985654946247,126985654946247,126985642000000,126985649946247,126985655280310,126985658423621,126985658423621,126985658545691,126985659247595,126985659552771,126985659766394,126985663184364,126985665168006,396728,488281,126985676825721,
0,126985671526192,126985671526192,126985657000000,126985664500000,126985672675331,126985674567421,126985675452430,126985675574501,126985675788124,126985677161415,126985677466590,126985680670937,126985682898720,701904,366211,126985693152627,
0,126985685567822,126985685567822,9223372036854775807,0,126985686438759,126985686499794,126985688544472,126985688666542,126985689276893,126985689673622,126985689917762,126985692816933,126985694709023,457764,335693,126985709540566,
0,126985701925991,126985701925991,9223372036854775807,0,126985702552041,126985702552041,126985703314980,126985703467568,126985703650674,126985704169473,126985704596719,126985707587441,126985709815224,274658,915527,126985726203164,
0,126985718566502,126985718566502,9223372036854775807,0,126985719458779,126985719458779,126985721015176,126985721137246,126985721717080,126985722052773,126985722266396,126985725165566,126985726813515,274658,274658,126985742926795,
0,126985735127799,126985735127799,9223372036854775807,0,126985735999306,126985735999306,126985737158973,126985737372596,126985737555702,126985737891395,126985738135536,126985740973670,126985743384559,305176,854492,126985759650427,
0,126985751724505,126985751724505,9223372036854775807,0,126985752600867,126985752600867,126985754248816,126985754401404,126985754950720,126985755316931,126985755530554,126985758460242,126985760230262,335694,274658,126985776465614,
0,126985768367338,126985768367338,9223372036854775807,0,126985768714148,126985768714148,126985769141394,126985769263465,126985769477088,126985769995886,126985770423134,126985773596961,126985776801307,305176,1739502,126985793006142,
0,126985785004505,126985785004505,9223372036854775807,0,126985785865028,126985785895546,126985787421424,126985787543495,126985788184364,126985788520057,126985788703163,126985792151650,126985793830116,305176,274658,126985809638222,
0,126985801653863,126985801653863,9223372036854775807,0,126985802558144,126985802558144,126985803809365,126985804022988,126985804602822,126985804938515,126985805182656,126985807990273,126985809912880,305176,579834,126985826361855,
0,126985818303814,126985818303814,9223372036854775807,0,126985818640908,126985818671425,126985819800576,126985819953164,126985820166787,126985820563515,126985820868691,126985823828896,126985826605995,335693,1373291,126985843024451,
0,126985834958094,126985834958094,9223372036854775807,0,126985835272987,126985835303505,126985836310585,126985836432655,126985837012489,126985837592323,126985837805946,126985840979774,126985843512733,335694,946045,126985859687048,
0,126985851638353,126985851638353,9223372036854775807,0,126985852545935,126985852545935,126985853675085,126985853797156,126985853980261,126985854346472,126985854590613,126985857489782,126985859931189,274658,1129150,126985876380164,
0,126985868300237,126985868300237,9223372036854775807,0,126985869208533,126985869208533,126985869727332,126985870307166,126985870459754,126985870856483,126985871039588,126985873755653,126985876654822,274658,1525878,126985893164833,
0,126985884963166,126985884963166,9223372036854775807,0,126985885871131,126985885871131,126985887244422,126985887397010,126985888037879,126985888373573,126985888587196,126985892005165,126985893958290,335694,274659,126985909796913,
0,126985901624825,126985901624825,9223372036854775807,0,126985901923378,126985901953896,126985902350625,126985902472695,126985902686318,126985903205117,126985903571328,126985906501015,126985910193643,305176,2227783,126985926581582,
0,126985918261423,126985918261423,9223372036854775807,0,126985918585976,126985918585976,126985919989785,126985920172891,126985920752725,126985921149453,126985921363076,126985924353799,126985926856240,335693,1098633,126985943274696,
0,126985934926355,126985934926355,9223372036854775807,0,126985935279091,126985935279091,126985936408242,126985936530312,126985936835488,126985937720497,126985938086708,126985941199501,126985943549354,274658,1037598,126985959967810,
0,126985951593031,126985951593031,9223372036854775807,0,126985951941688,126985951941688,126985952765662,126985952918250,126985953101356,126985953681190,126985953864295,126985956641395,126985960334021,274658,2258301,126985976660926,
0,126985968261944,126985968261944,9223372036854775807,0,126985968604284,126985968604284,126985969550329,126985969672400,126985970496375,126985970832069,126985971106727,126985974280555,126985976905066,579834,915527,126985993201454,
0,126985984940771,126985984940771,9223372036854775807,0,126985985297401,126985985297401,126985986273963,126985986426551,126985986609656,126985987128455,126985987342078,126985990332802,126985993476112,335694,1770019,126986009864052,
0,126986001659808,126986001659808,9223372036854775807,0,126986002600868,126986002600868,126986003119667,126986003546913,126986003730019,126986004065712,126986004279335,126986006964882,126986010596474,305176,1770020,126986027167519,
0,126986018842025,126986018842025,9223372036854775807,0,126986019843300,126986019843300,126986021064004,126986021186074,126986021796426,126986022101602,126986022315225,126986025275430,126986027472695,549316,305176,126986043341836,
0,126986035541673,126986035541673,9223372036854775807,0,126986035865029,126986035865029,126986036566934,126986036689004,126986036902627,126986037299356,126986037726602,126986040778359,126986043585976,274659,1464844,126986059912880,
0,126986052229533,126986052229533,9223372036854775807,0,126986052680214,126986052680214,126986053473671,126986053626259,126986053809364,126986054419716,126986054602821,126986057410438,126986060401161,274658,1464844,126986076636511,
0,126986068920558,126986068920558,9223372036854775807,0,126986069892127,126986069892127,126986071356971,126986071479041,126986071692664,126986071997840,126986072211463,126986075019080,126986076911169,274658,549317,126986093421179,
0,126986085611568,126986085611568,9223372036854775807,0,126986086127479,126986086127479,126986087317664,126986087439734,126986088263709,126986088568885,126986088782508,126986091742713,126986093695837,274658,579834,126986110358436,
0,126986102299933,126986102299933,9223372036854775807,0,126986103217322,126986103247840,126986104834754,126986104987342,126986105170447,126986105597693,126986105994422,126986109076697,126986111182411,335693,305175,126986126715858,
0,126986118990544,126986118990544,9223372036854775807,0,126986119971473,126986119971473,126986120520790,126986121070106,126986121283729,126986121649940,126986122077186,126986125342567,126986128638465,366210,366211,126986143439492,
0,126986135679207,126986135679207,9223372036854775807,0,126986136664589,126986136664589,126986138129432,126986138282020,126986138495643,126986138831337,126986139319618,126986142188271,126986144019326,335694,274658,126986160132608,
0,126986152362340,126986152362340,9223372036854775807,0,126986152716836,126986152716836,126986154029092,126986154151162,126986154822549,126986155249795,126986155432900,126986158301552,126986160498819,274658,915528,126986176856240,
0,126986169050544,126986169050544,9223372036854775807,0,126986169959267,126986169989785,126986171546181,126986171698769,126986171912392,126986172248086,126986172431191,126986175330361,126986177100380,305176,366211,126986193457801,
0,126986185733934,126986185733934,9223372036854775807,0,126986186682899,126986186682899,126986188666542,126986188788612,126986189002235,126986189337928,126986189582069,126986192450721,126986194129188,274658,305175,126986210120399,
0,126986202421794,126986202421794,9223372036854775807,0,126986203284461,126986203284461,126986204322058,126986204505164,126986204688269,126986205054480,126986205237585,126986208106238,126986210395057,274658,1007081,126986226813514,
0,126986219107094,126986219107094,9223372036854775807,0,126986219977576,126986219977576,126986220923622,126986221625526,126986221808631,126986222144325,126986222357948,126986225135047,126986227088172,274659,610351,126986243476112,
0,126986235794667,126986235794667,9223372036854775807,0,126986236670692,126986236670692,126986237220008,126986237677772,126986237921913,126986238257606,126986238410194,126986241370400,126986243750771,274658,1068115,126986260199746,
0,126986252480055,126986252480055,9223372036854775807,0,126986253363808,126986253363808,126986254370888,126986254523476,126986254798134,126986255133828,126986255347451,126986258032997,126986260474404,244141,1098634,126986276892861,
0,126986269167155,126986269167155,9223372036854775807,0,126986270087442,126986270087442,126986271064004,126986271155557,126986271643838,126986271949014,126986272132120,126986274939737,126986277106484,274658,854492,126986293708046,
0,126986285858946,126986285858946,9223372036854775807,0,126986286689003,126986286719521,126986287055214,126986287146767,126986287726601,126986288062294,126986288214882,126986291114052,126986293952187,274658,1525879,126986310431678,
0,126986302546531,126986302546531,9223372036854775807,0,126986303412635,126986303412635,126986303717811,126986303809364,126986304389198,126986304724891,126986304877479,126986307685096,126986310675818,274659,1678467,126986327063758,
0,126986319231817,126986319231817,9223372036854775807,0,126986320594032,126986320624549,126986320746619,126986321143348,126986321448524,126986321784217,126986321936805,126986324774940,126986327307898,274658,1220703,126986343756873,
0,126986335919404,126986335919404,9223372036854775807,0,126986336798866,126986336798866,126986337104041,126986337287147,126986337836463,126986338172157,126986338324744,126986341162879,126986344031531,274658,1556397,126986360449989,
0,126986352609291,126986352609291,9223372036854775807,0,126986353461463,126986353491981,126986353797157,126986353888709,126986354468543,126986354804237,126986354987342,126986358039100,126986360724647,274658,1342774,126986377082069,
0,126986369296965,126986369296965,9223372036854775807,0,126986369635780,126986369635780,126986369971473,126986370246132,126986370520790,126986371100624,126986371375282,126986374182899,126986377387245,335693,1800537,126986393775185,
0,126986385986366,126986385986366,9223372036854775807,0,126986386328896,126986386328896,126986386664589,126986387000282,126986387274941,126986388190468,126986388343056,126986391181191,126986394049844,274658,1525879,126986410498818,
0,126986402677478,126986402677478,9223372036854775807,0,126986403540811,126986403540811,126986403876504,126986403998574,126986404547891,126986404914102,126986405066690,126986407904824,126986410742959,274658,1525878,126986427283485,
0,126986419363340,126986419363340,9223372036854775807,0,126986420478066,126986420478066,126986420691689,126986420783241,126986421027382,126986421363075,126986421546181,126986424750526,126986427558143,366211,1342773,126986443854529,
0,126986436051502,126986436051502,9223372036854775807,0,126986436408240,126986436408240,126986437598426,126986437689979,126986437934119,126986438269812,126986438452918,126986441840369,126986444342810,305176,885009,126986460547645,
0,126986452741951,126986452741951,9223372036854775807,0,126986453620154,126986453620154,126986454169471,126986454535682,126986454840857,126986455176551,126986455359656,126986458136756,126986460822303,274658,1342774,126986477210243,
0,126986469430201,126986469430201,9223372036854775807,0,126986470191200,126986470191200,126986470404823,126986470496376,126986470740517,126986471106728,126986471350868,126986474189003,126986477454383,305176,1892090,126986493903359,
0,126986486120176,126986486120176,9223372036854775807,0,126986486487587,126986486487587,126986486670692,126986486762245,126986487250526,126986488288124,126986488440712,126986491675576,126986494269570,274658,1098633,126986510565958,
0,126986502811876,126986502811876,9223372036854775807,0,126986503699502,126986503699502,126986504065713,126986504157266,126986504706582,126986505072793,126986505225381,126986508032998,126986510810098,274658,1495362,126986527259072,
0,126986519498313,126986519498313,9223372036854775807,0,126986520209512,126986520209512,126986521186074,126986521277627,126986521521767,126986521857461,126986522040566,126986524817666,126986527503212,274658,1373291,126986543952186,
0,126986536182551,126986536182551,9223372036854775807,0,126986536475380,126986536475380,126986536811073,126986536872108,126986537116249,126986537421425,126986537696083,126986540839393,126986544348914,366211,1861572,126986560614784,
0,126986552868500,126986552868500,9223372036854775807,0,126986553168494,126986553199012,126986553534705,126986553839881,126986554145056,126986554511267,126986554755408,126986557624060,126986561164100,335693,274659,126986577307899,
0,126986569556176,126986569556176,9223372036854775807,0,126986569861609,126986569861609,126986570075233,126986570166786,126986570410927,126986570746620,126986571021278,126986573859413,126986577552039,274658,2410888,126986594062050,
0,126986586242002,126986586242002,9223372036854775807,0,126986587073524,126986587073524,126986587378700,126986587439735,126986588080604,126986588416298,126986588568885,126986591773232,126986594428261,305176,1129150,126986610694131,
0,126986602928485,126986602928485,9223372036854775807,0,126986603797158,126986603797158,126986604132851,126986604254922,126986604804238,126986605109414,126986605262002,126986608069619,126986610938272,274658,1525879,126986627448281,
0,126986619616162,126986619616162,9223372036854775807,0,126986620307169,126986620307169,126986620703897,126986620795450,126986621039590,126986621466837,126986621772012,126986624579629,126986627692422,366211,1708984,126986644080361,
0,126986636304886,126986636304886,9223372036854775807,0,126986637152872,126986637183389,126986637519083,126986637641153,126986638220987,126986638556680,126986638709268,126986642157754,126986644660195,305176,823974,126986661200722,
0,126986652991423,126986652991423,9223372036854775807,0,126986653937539,126986653937539,126986655097207,126986655158242,126986655493935,126986655890663,126986656104287,126986659217079,126986661658485,518799,518799,126986677588660,
0,126986669681903,126986669681903,9223372036854775807,0,126986670264442,126986670264442,126986670447547,126986670508583,126986670813758,126986671576698,126986671790321,126986674781043,126986677924354,1098633,885009,126986694464881,
0,126986686369649,126986686369649,9223372036854775807,0,126986686713416,126986686713416,126986688117224,126986688178259,126986688483435,126986688941199,126986689154822,126986692176063,126986694922645,976562,488281,126983850897987,
0,126986703061336,126986703061336,9223372036854775807,0,126986703467567,126986703467567,126986703925331,126986703986366,126986704261024,126986705542762,126986705725868,126986708655555,126986711493690,366211,1129150,126983867469032,
0,126986719754749,126986719754749,9223372036854775807,0,126986720191201,126986720191201,126986720404824,126986720465859,126986721167763,126986721778115,126986721991738,126986724921425,126986727942665,274658,1678467,126983884040078,
---PROFILEDATA---


View hierarchy:

  works.mees.dinghy/works.mees.dinghy.MainActivity/android.view.ViewRootImpl@262611e
  59 views, 78.11 kB of render nodes


Total ViewRootImpl   : 1
Total attached Views : 59
Total RenderNode     : 78.11 kB (used) / 319.69 kB (capacity)

