Applications Graphics Acceleration Info:
Uptime: 126968436 Realtime: 126968436

** Graphics info for pid 443 [works.mees.dinghy] **

Stats since: 126962229926308ns
Total frames rendered: 213
Janky frames: 10 (4.69%)
50th percentile: 8ms
90th percentile: 13ms
95th percentile: 16ms
99th percentile: 20ms
Number Missed Vsync: 0
Number High input latency: 207
Number Slow UI thread: 1
Number Slow bitmap uploads: 1
Number Slow issue draw commands: 2
Number Frame deadline missed: 4
HISTOGRAM: 5ms=0 6ms=4 7ms=57 8ms=50 9ms=59 10ms=9 11ms=7 12ms=3 13ms=6 14ms=3 15ms=3 16ms=2 17ms=1 18ms=5 19ms=1 20ms=1 21ms=1 22ms=1 23ms=0 24ms=0 25ms=0 26ms=0 27ms=0 28ms=0 29ms=0 30ms=0 31ms=0 32ms=0 34ms=0 36ms=0 38ms=0 40ms=0 42ms=0 44ms=0 46ms=0 48ms=0 53ms=0 57ms=0 61ms=0 65ms=0 69ms=0 73ms=0 77ms=0 81ms=0 85ms=0 89ms=0 93ms=0 97ms=0 101ms=0 105ms=0 109ms=0 113ms=0 117ms=0 121ms=0 125ms=0 129ms=0 133ms=0 150ms=0 200ms=0 250ms=0 300ms=0 350ms=0 400ms=0 450ms=0 500ms=0 550ms=0 600ms=0 650ms=0 700ms=0 750ms=0 800ms=0 850ms=0 900ms=0 950ms=0 1000ms=0 1050ms=0 1100ms=0 1150ms=0 1200ms=0 1250ms=0 1300ms=0 1350ms=0 1400ms=0 1450ms=0 1500ms=0 1550ms=0 1600ms=0 1650ms=0 1700ms=0 1750ms=0 1800ms=0 1850ms=0 1900ms=0 1950ms=0 2000ms=0 2050ms=0 2100ms=0 2150ms=0 2200ms=0 2250ms=0 2300ms=0 2350ms=0 2400ms=0 2450ms=0 2500ms=0 2550ms=0 2600ms=0 2650ms=0 2700ms=0 2750ms=0 2800ms=0 2850ms=0 2900ms=0 2950ms=0 3000ms=0 3050ms=0 3100ms=0 3150ms=0 3200ms=0 3250ms=0 3300ms=0 3350ms=0 3400ms=0 3450ms=0 3500ms=0 3550ms=0 3600ms=0 3650ms=0 3700ms=0 3750ms=0 3800ms=0 3850ms=0 3900ms=0 3950ms=0 4000ms=0 4050ms=0 4100ms=0 4150ms=0 4200ms=0 4250ms=0 4300ms=0 4350ms=0 4400ms=0 4450ms=0 4500ms=0 4550ms=0 4600ms=0 4650ms=0 4700ms=0 4750ms=0 4800ms=0 4850ms=0 4900ms=0 4950ms=0
50th gpu percentile: 19ms
90th gpu percentile: 21ms
95th gpu percentile: 21ms
99th gpu percentile: 22ms
GPU HISTOGRAM: 1ms=0 2ms=0 3ms=0 4ms=0 5ms=0 6ms=0 7ms=0 8ms=0 9ms=0 10ms=1 11ms=5 12ms=9 13ms=3 14ms=1 15ms=6 16ms=5 17ms=11 18ms=27 19ms=60 20ms=49 21ms=30 22ms=5 23ms=0 24ms=0 25ms=0 4950ms=1
Font Cache (CPU):
  Size: 336.69 kB 
  Glyph Count: 68 
CPU Caches:
GPU Caches:
  Other:
    Other: 33.80 KB (1 entry)
    Buffer Object: 2.05 KB (2 entries)
  Image:
    Texture: 0.00 bytes (58 entries)
  Scratch:
    Texture: 4.26 MB (2 entries)
    Buffer Object: 48.00 KB (1 entry)
Other Caches:
                         Current / Maximum
  Layers Total           0.00 KB (numLayers = 0)
Total GPU memory usage:
  4555968 bytes, 4.34 MB (271.39 KB is purgeable)


Pipeline=Skia (OpenGL)
Profile data in ms:

	works.mees.dinghy/works.mees.dinghy.MainActivity/android.view.ViewRootImpl@262611e (visibility=0)
Window: works.mees.dinghy/works.mees.dinghy.MainActivity
Stats since: 126962229926308ns
Total frames rendered: 213
Janky frames: 10 (4.69%)
50th percentile: 8ms
90th percentile: 13ms
95th percentile: 16ms
99th percentile: 20ms
Number Missed Vsync: 0
Number High input latency: 207
Number Slow UI thread: 1
Number Slow bitmap uploads: 1
Number Slow issue draw commands: 2
Number Frame deadline missed: 4
HISTOGRAM: 5ms=0 6ms=4 7ms=57 8ms=50 9ms=59 10ms=9 11ms=7 12ms=3 13ms=6 14ms=3 15ms=3 16ms=2 17ms=1 18ms=5 19ms=1 20ms=1 21ms=1 22ms=1 23ms=0 24ms=0 25ms=0 26ms=0 27ms=0 28ms=0 29ms=0 30ms=0 31ms=0 32ms=0 34ms=0 36ms=0 38ms=0 40ms=0 42ms=0 44ms=0 46ms=0 48ms=0 53ms=0 57ms=0 61ms=0 65ms=0 69ms=0 73ms=0 77ms=0 81ms=0 85ms=0 89ms=0 93ms=0 97ms=0 101ms=0 105ms=0 109ms=0 113ms=0 117ms=0 121ms=0 125ms=0 129ms=0 133ms=0 150ms=0 200ms=0 250ms=0 300ms=0 350ms=0 400ms=0 450ms=0 500ms=0 550ms=0 600ms=0 650ms=0 700ms=0 750ms=0 800ms=0 850ms=0 900ms=0 950ms=0 1000ms=0 1050ms=0 1100ms=0 1150ms=0 1200ms=0 1250ms=0 1300ms=0 1350ms=0 1400ms=0 1450ms=0 1500ms=0 1550ms=0 1600ms=0 1650ms=0 1700ms=0 1750ms=0 1800ms=0 1850ms=0 1900ms=0 1950ms=0 2000ms=0 2050ms=0 2100ms=0 2150ms=0 2200ms=0 2250ms=0 2300ms=0 2350ms=0 2400ms=0 2450ms=0 2500ms=0 2550ms=0 2600ms=0 2650ms=0 2700ms=0 2750ms=0 2800ms=0 2850ms=0 2900ms=0 2950ms=0 3000ms=0 3050ms=0 3100ms=0 3150ms=0 3200ms=0 3250ms=0 3300ms=0 3350ms=0 3400ms=0 3450ms=0 3500ms=0 3550ms=0 3600ms=0 3650ms=0 3700ms=0 3750ms=0 3800ms=0 3850ms=0 3900ms=0 3950ms=0 4000ms=0 4050ms=0 4100ms=0 4150ms=0 4200ms=0 4250ms=0 4300ms=0 4350ms=0 4400ms=0 4450ms=0 4500ms=0 4550ms=0 4600ms=0 4650ms=0 4700ms=0 4750ms=0 4800ms=0 4850ms=0 4900ms=0 4950ms=0
50th gpu percentile: 19ms
90th gpu percentile: 21ms
95th gpu percentile: 21ms
99th gpu percentile: 22ms
GPU HISTOGRAM: 1ms=0 2ms=0 3ms=0 4ms=0 5ms=0 6ms=0 7ms=0 8ms=0 9ms=0 10ms=1 11ms=5 12ms=9 13ms=3 14ms=1 15ms=6 16ms=5 17ms=11 18ms=27 19ms=60 20ms=49 21ms=30 22ms=5 23ms=0 24ms=0 25ms=0 4950ms=1


---PROFILEDATA---
Flags,IntendedVsync,Vsync,OldestInputEvent,NewestInputEvent,HandleInputStart,AnimationStart,PerformTraversalsStart,DrawStart,SyncQueued,SyncStart,IssueDrawCommandsStart,SwapBuffers,FrameCompleted,DequeueBufferDuration,QueueBufferDuration,GpuCompleted,
0,126965525099918,126965525099918,9223372036854775807,0,126965525366981,126965525366981,126965526557167,126965526740272,126965526984413,126965527350624,126965527594764,126965532782752,126965535315711,854493,427246,126965551276404,
0,126965541751704,126965541751704,9223372036854775807,0,126965542060095,126965542060095,126965542762000,126965543067175,126965543372351,126965543708045,126965543891150,126965546851355,126965551520545,305176,3356935,126965567969520,
0,126965558429679,126965558429679,9223372036854775807,0,126965559302527,126965559302527,126965561255653,126965561469276,126965562415321,126965562812049,126965562995155,126965566199500,126965568244178,366210,396729,126965584632118,
0,126965575173069,126965575173069,9223372036854775807,0,126965576117714,126965576117714,126965578040321,126965578223426,126965578437049,126965578833778,126965579047401,126965582190712,126965584937294,274659,1434326,126965601294717,
0,126965591818182,126965591818182,9223372036854775807,0,126965592169961,126965592169961,126965594123085,126965594397744,126965594611367,126965595008095,126965595191201,126965598090370,126965601569375,274658,2166749,126965618109902,
0,126965608839003,126965608839003,9223372036854775807,0,126965609748085,126965609748085,126965611640176,126965611853799,126965612464151,126965612799844,126965613013467,126965615821084,126965618598184,366211,1190185,126965634772499,
0,126965625543823,126965625543823,9223372036854775807,0,126965625891884,126965625891884,126965627448281,126965627692421,126965627906044,126965628272255,126965628455361,126965632025917,126965635169227,335694,1556396,126965651496131,
0,126965642240882,126965642240882,9223372036854775807,0,126965643439491,126965643439491,126965644690711,126965644904334,126965645117957,126965645484168,126965645667274,126965648810584,126965651801307,305176,1495362,126965667975623,
0,126965658921493,126965658921493,9223372036854775807,0,126965659247595,126965659247595,126965660193641,126965660376746,126965660651405,126965661048133,126965661231239,126965664069373,126965668219764,274659,2838134,126965684821327,
0,126965675605910,126965675605910,9223372036854775807,0,126965676184852,126965676184852,126965677405555,126965677588660,126965678534705,126965678900916,126965679145057,126965682318886,126965685218055,305176,1373291,126965701850137,
0,126965692291315,126965692291315,9223372036854775807,0,126965692603310,126965692603310,126965693549355,126965693762978,126965694037636,126965694739540,126965694953163,126965698920448,126965702155312,366211,1373291,126965718054970,
0,126965708980525,126965708980525,9223372036854775807,0,126965709296425,126965709296425,126965710517129,126965710730752,126965710913858,126965711341104,126965711554727,126965714606484,126965718360146,366210,2075195,126965734992227,
0,126965725668112,126965725668112,9223372036854775807,0,126965726264199,126965726264199,126965727179727,126965727393350,126965727576455,126965728003701,126965728186807,126965731787882,126965735266885,396728,1708984,126965751380166,
0,126965742351023,126965742351023,9223372036854775807,0,126965742682656,126965742682656,126965743445596,126965743659219,126965743842324,126965744483193,126965744666299,126965747504434,126965751654824,305175,2777099,126965768103797,
0,126965759036796,126965759036796,9223372036854775807,0,126965759345253,126965759345253,126965760443886,126965760626991,126965760840614,126965761176308,126965761328896,126965763892372,126965768378456,305175,3173828,126965784918982,
0,126965775725432,126965775725432,9223372036854775807,0,126965776587684,126965776587684,126965778174598,126965778388221,126965779303748,126965779639441,126965779822547,126965783881384,126965786048132,640869,335693,126965801642616,
0,126965792412443,126965792412443,9223372036854775807,0,126965792975623,126965792975623,126965794318396,126965794776160,126965795172889,126965795508582,126965795722205,126965799170691,126965802130897,305176,1281738,126965818152626,
0,126965809094435,126965809094435,9223372036854775807,0,126965809424598,126965809424598,126965810095985,126965810279091,126965810492714,126965811286171,126965811438759,126965814093788,126965818427284,305176,2990723,126965834906776,
0,126965825779978,126965825779978,9223372036854775807,0,126965826636513,126965826636513,126965827643593,126965827826698,126965828040321,126965828376015,126965828559120,126965832526405,126965835181434,335693,1312256,126965851660927,
0,126965842468039,126965842468039,9223372036854775807,0,126965843360145,126965843360145,126965845587929,126965845771034,126965846015175,126965846381386,126965846595009,126965849646766,126965852149208,518800,701904,126965868170937,
0,126965859158975,126965859158975,9223372036854775807,0,126965859503944,126965859503944,126965861121377,126965861335000,126965861518105,126965861884316,126965862067422,126965864783486,126965868445595,305176,2349854,126965884864053,
0,126965875846609,126965875846609,9223372036854775807,0,126965876746377,126965876746377,126965877875527,126965878058633,126965878241738,126965878607949,126965878791054,126965882392129,126965885108194,305176,1434326,126965901740274,
0,126965892532909,126965892532909,9223372036854775807,0,126965892890177,126965892920694,126965894385538,126965894568643,126965895514688,126965895850382,126965896094522,126965898871622,126965902289590,366211,1678466,126965918433388,
0,126965909220408,126965909220408,9223372036854775807,0,126965909583291,126965909583291,126965910224160,126965910407265,126965910651406,126965911048134,126965911322793,126965914618691,126965918738564,366211,2624512,126965935065467,
0,126965925906270,126965925906270,9223372036854775807,0,126965926856239,126965926856239,126965927893837,126965928107460,126965928321083,126965928687294,126965928900917,126965932227332,126965935340125,305175,1770020,126965951758582,
0,126965942594432,126965942594432,9223372036854775807,0,126965943122107,126965943122107,126965944129187,126965944312293,126965944495398,126965944831091,126965945044714,126965947730261,126965952033240,274658,2777101,126965968360145,
0,126965959284880,126965959284880,9223372036854775807,0,126965960181434,126965960181434,126965960761268,126965960944374,126965961157997,126965961524208,126965961707313,126965964392860,126965968634803,305176,2929688,126965985083778,
0,126965975970654,126965975970654,9223372036854775807,0,126965976294715,126965976294715,126965977057655,126965977668006,126965977881629,126965978278358,126965978461463,126965982001503,126965985358437,305176,1983643,126966001746377,
0,126965992654791,126965992654791,9223372036854775807,0,126965993231972,126965993231972,126965993872841,126965994055947,126965994239052,126965994605263,126965994818886,126965997748574,126966002051553,305175,2807618,126966018439492,
0,126966009341228,126966009341228,9223372036854775807,0,126966009680947,126966009680947,126966010291299,126966010474405,126966011084756,126966011450967,126966011634073,126966014716348,126966018714150,305176,2624512,126966035041054,
0,126966026029964,126966026029964,9223372036854775807,0,126966026343544,126966026343544,126966026953896,126966027106484,126966027350624,126966027716835,126966027899941,126966031348427,126966035315712,335693,2624512,126966051703650,
0,126966042714012,126966042714012,9223372036854775807,0,126966043616493,126966043616493,126966044562537,126966044806678,126966044989784,126966045386512,126966045569617,126966048987586,126966051978308,335694,1586914,126966068549353,
0,126966059400936,126966059400936,9223372036854775807,0,126966060309608,126966060309608,126966060950477,126966061499793,126966061713416,126966062018592,126966062201698,126966065131385,126966068793494,366211,2288819,126966085181433,
0,126966076087280,126966076087280,9223372036854775807,0,126966076453407,126966076453407,126966077033241,126966077216346,126966077429969,126966077826698,126966078009803,126966081275184,126966085456092,305176,2807617,126966101874550,
0,126966092773809,126966092773809,9223372036854775807,0,126966093634803,126966093665321,126966095587928,126966095801551,126966095984656,126966096564490,126966096778113,126966099738318,126966102210243,488282,885010,126966118659218,
0,126966109463696,126966109463696,9223372036854775807,0,126966109778602,126966109778602,126966111334999,126966111579140,126966112189491,126966112555702,126966112769325,126966115607460,126966120063027,366211,518799,126966135260781,
0,126966126155870,126966126155870,9223372036854775807,0,126966126471718,126966126471718,126966127051552,126966127204140,126966127448280,126966127845009,126966128058632,126966131171426,126966135565957,305176,2990723,126966151923379,
0,126966142838869,126966142838869,9223372036854775807,0,126966143164834,126966143164834,126966143744668,126966143927774,126966144141397,126966144507608,126966144690713,126966147620400,126966152167519,305176,3265381,126966168647010,
0,126966159524156,126966159524156,9223372036854775807,0,126966159857948,126966159857948,126966160468300,126966160681923,126966160926064,126966161505898,126966161841591,126966164405067,126966168921669,305176,3204346,126966185370642,
0,126966176214629,126966176214629,9223372036854775807,0,126966176520545,126966176520545,126966177130897,126966177283484,126966177527625,126966178168494,126966178382117,126966184424597,126966186072546,305176,244141,126966201972206,
0,126966192901617,126966192901617,9223372036854775807,0,126966194190223,126966194190223,126966195166785,126966195349891,126966195594031,126966195899207,126966196112830,126966198859412,126966202246864,305176,1800537,126966218634803,
0,126966209583699,126966209583699,9223372036854775807,0,126966209906775,126966209937293,126966211310585,126966211463173,126966211707313,126966212012489,126966212256630,126966215125282,126966218909461,305175,2441407,126966235541542,
0,126966226270389,126966226270389,9223372036854775807,0,126966226599892,126966226599892,126966227393349,126966227576454,126966227790077,126966228247841,126966228766640,126966231696328,126966235846718,366211,2563476,126966252143106,
0,126966242956251,126966242956251,9223372036854775807,0,126966243933877,126966243933877,126966245368203,126966245612344,126966245825967,126966246222695,126966246466836,126966249396523,126966252448282,396728,1434326,126966268988808,
0,126966259637437,126966259637437,9223372036854775807,0,126966260565957,126966260596475,126966261542519,126966264014443,126966264319619,126966265082558,126966265296181,126966268286904,126966270117958,366211,305176,126966285498817,
0,126966276348314,126966276348314,9223372036854775807,0,126966276923378,126966276953895,126966277533729,126966278113563,126966278327186,126966278723915,126966278907020,126966281684120,126966285865028,549317,2502441,126966303168494,
0,126966293036312,126966293036312,9223372036854775807,0,126966294104773,126966294104773,126966294898230,126966296149451,126966296332556,126966296729285,126966296942908,126966299720007,126966303443153,427247,2136231,126966318762977,
0,126966309719312,126966309719312,9223372036854775807,0,126966310706337,126966310706337,126966311652382,126966311896522,126966312110145,126966312476356,126966312659462,126966315467079,126966319037635,396729,2014160,126966335669716,
0,126966326404598,126966326404598,9223372036854775807,0,126966327368934,126966327399452,126966329230506,126966329444129,126966329627235,126966329993446,126966330237587,126966335639198,126966338050087,366211,427246,126966352240762,
0,126966343092185,126966343092185,9223372036854775807,0,126966344062050,126966344062050,126966346106728,126966346320351,126966346564492,126966346930703,126966347174843,126966349860390,126966352606973,396730,1190186,126966368903360,
0,126967277526497,126967277526497,126967262000000,126967265500000,126967277747353,126967280158241,126967280158241,126967280280312,126967280493935,126967280829628,126967281012734,126967283789833,126967294165809,335693,366210,126967302558142,
0,126967294213049,126967294213049,126967280000000,126967288000000,126967294562537,126967297583777,126967297583777,126967297705848,126967298712928,126967299231727,126967305854041,126967309272009,126967315741736,549317,488281,126967320563514,
0,126967310906087,126967310906087,126967297000000,126967305000000,126967311225135,126967313910682,126967313941199,126967314063270,126967315009315,126967316107947,126967316321570,126967319159705,126967321173866,305176,518798,126967330725868,
0,126967327592731,126967327592731,126967314000000,126967322000000,126967328498084,126967331855019,126967331885536,126967332007606,126967332190712,126967332953651,126967333167274,126967335883339,126967348120888,305176,396728,126967347541054,
0,126967344267511,126967344267511,126967332000000,126967339267511,126967344580849,126967348059853,126967348120888,126967348242958,126967349158485,126967350348672,126967350592812,126967364508828,126967366309365,305176,305176,126967376898965,
0,126967357966169,126967357966169,9223372036854775807,0,126967362067422,126967362097940,126967362433633,126967362586221,126967367194375,126967367591103,126967367835244,126967371100626,126967377295694,335693,4577637,126967385352334,
0,126967374371301,126967374371301,9223372036854775807,0,126967374915323,126967374945840,126967376837930,126967377051553,126967377661904,126967378028115,126967378241738,126967381110391,126967385840615,366211,3082275,126967400122841,
0,126967391009649,126967391009649,9223372036854775807,0,126967392005165,126967392005165,126967393897255,126967394080360,126967394293983,126967394660194,126967394904335,126967397864540,126967406409461,1403809,396729,126967415778357,
0,126967407523893,126967407523893,9223372036854775807,0,126967407813270,126967407813270,126967409278113,126967409461219,126967413977820,126967414405066,126967414740760,126967417731482,126967419501501,366211,305176,126967432349403,
0,126967424150704,126967424150704,9223372036854775807,0,126967424567420,126967424567420,126967425055701,126967425238807,126967429480750,126967429877478,126967430152138,126967433203895,126967435065467,335694,396728,126967449073036,
0,126967440785969,126967440785969,9223372036854775807,0,126967441748818,126967441748818,126967444190224,126967444373329,126967445014198,126967445410927,126967445655067,126967449622352,126967451575478,305176,335694,126967465522011,
0,126967457425248,126967457425248,9223372036854775807,0,126967457709511,126967457709511,126967458167275,126967458350380,126967458594521,126967459296425,126967459510048,126967462439736,126967465918740,335694,1800537,126967482367715,
0,126967474077708,126967474077708,9223372036854775807,0,126967475287637,126967475287637,126967477240762,126967477393350,126967478095254,126967478583535,126967478827676,126967482672891,126967484442911,305176,335694,126967500617227,
0,126967490725395,126967490725395,9223372036854775807,0,126967490973673,126967490973673,126967492224894,126967492377481,126967493048868,126967493476114,126967493720255,126967496741495,126967500983438,335693,2655029,126967515662392,
0,126967507377153,126967507377153,9223372036854775807,0,126967507666787,126967507666787,126967508887490,126967509040078,126967509284219,126967509711465,126967510047158,126967513190468,126967516059121,335693,1464844,126967532294471,
0,126967524064787,126967524064787,9223372036854775807,0,126967525061806,126967525061806,126967526862343,126967527045448,126967527930458,126967528266151,126967528510292,126967531470497,126967533454139,396729,457764,126967548865515,
0,126967540724384,126967540724384,9223372036854775807,0,126967541663367,126967541663367,126967543036658,126967543219763,126967543433386,126967543799597,126967544074256,126967547003943,126967549109656,274658,793457,126967565497596,
0,126967557359008,126967557359008,9223372036854775807,0,126967557624060,126967557624060,126967558112342,126967558264930,126967558509070,126967558844764,126967559027869,126967561774452,126967565772254,305176,2685547,126967582343300,
0,126967574023576,126967574023576,9223372036854775807,0,126967574866493,126967574866493,126967576758583,126967576911171,126967577857215,126967578253944,126967578528602,126967582556923,126967584906777,549317,366211,126967598944863,
0,126967590684129,126967590684129,9223372036854775807,0,126967591590127,126967591590127,126967592200478,126967592658242,126967592871865,126967593268593,126967593451699,126967596381386,126967599219521,305176,1464844,126967615790566,
0,126967607346172,126967607346172,9223372036854775807,0,126967607611855,126967607611855,126967608802041,126967608985146,126967609687050,126967610144814,126967610388955,126967613593300,126967616309365,335693,1037598,126967632239541,
0,126967624008299,126967624008299,9223372036854775807,0,126967624274453,126967624274453,126967626166543,126967626319131,126967626502236,126967626929482,126967627204140,126967630286416,126967632788858,305175,305175,126967648902139,
0,126967640712307,126967640712307,9223372036854775807,0,126967640967569,126967640967569,126967641608438,126967641761026,126967641974649,126967642432413,126967642615518,126967645392618,126967649420938,335693,274658,126967666114052,
0,126967657410752,126967657410752,9223372036854775807,0,126967657660683,126967657691201,126967658667763,126967658820351,126967659735878,126967660163125,126967662909706,126967665747841,126967667639931,396729,335694,126967682685096,
0,126967674051103,126967674051103,9223372036854775807,0,126967674750526,126967674750526,126967676276405,126967676520545,126967677008827,126967677375038,126967677619178,126967681494910,126967683234412,335694,305175,126967699164588,
0,126967691217084,126967691217084,9223372036854775807,0,126967691565711,126967691565711,126967692176063,126967692359168,126967692633827,126967693122108,126967693610389,126967696814735,126967699439246,335693,1220703,126967715857704,
0,126967707920862,126967707920862,9223372036854775807,0,126967708258827,126967708258827,126967708777625,126967708991248,126967709235389,126967709723670,126967709937293,126967712714394,126967716162880,305176,2075195,126967732672891,
0,126967724612184,126967724612184,9223372036854775807,0,126967725592812,126967725592812,126967727362831,126967727515419,126967728858193,126967731635293,126967731879434,126967735144814,126967741584024,4638672,335694,126967749121865,
0,126967741291556,126967741291556,9223372036854775807,0,126967741736612,126967741736612,126967742774209,126967742926797,126967743140420,126967743506631,126967743689737,126967746466836,126967749335488,274658,1556396,126967765753944,
0,126967757985885,126967757985885,9223372036854775807,0,126967758307656,126967758307656,126967758795937,126967758948525,126967759162148,126967759925087,126967760535439,126967763343056,126967766028602,335694,1342774,126967782355506,
0,126967774670831,126967774670831,9223372036854775807,0,126967775580604,126967775580604,126967776160438,126967776648719,126967776892860,126967777228553,126967777442176,126967780066687,126967782599646,305176,1251221,126967799231726,
0,126967791353167,126967791353167,9223372036854775807,0,126967792182166,126967792182166,126967793647010,126967793799598,126967794806678,126967795203406,126967795417029,126967798926551,126967800849159,366211,335693,126967815955360,
0,126967808042865,126967808042865,9223372036854775807,0,126967810279091,126967810279091,126967811469276,126967811621864,126967811896522,126967812384804,126967812964638,126967816077430,126967817725380,305175,305176,126967832556924,
0,126967824716010,126967824716010,9223372036854775807,0,126967825293739,126967825293739,126967825843056,126967826026161,126967826270302,126967827521523,126967827735146,126967831458291,126967833441933,335693,366210,126967849189004,
0,126967841400061,126967841400061,9223372036854775807,0,126967841773233,126967841773233,126967842414102,126967842566690,126967842841348,126967844001016,126967844245156,126967847480019,126967849555215,274658,610352,126967865851601,
0,126967858099440,126967858099440,9223372036854775807,0,126967858588418,126967858588418,126967859290322,126967859503945,126967859687051,126967860083779,126967860663613,126967863257607,126967866156777,305176,1525879,126967882971962,
0,126967874784707,126967874784707,9223372036854775807,0,126967875647743,126967875678261,126967878028114,126967878180702,126967878821571,126967879157264,126967879340370,126967882086952,126967883918006,335693,305175,126967899237830,
0,126967891466954,126967891466954,9223372036854775807,0,126967891822059,126967891822059,126967893317420,126967893470008,126967893775183,126967894110877,126967894355017,126967897223670,126967899512488,305176,976562,126967915961463,
0,126967908157126,126967908157126,9223372036854775807,0,126967909033973,126967909033973,126967909613807,126967910224159,126967910529335,126967911566932,126967911750038,126967914435585,126967916236122,274658,488281,126967932746132,
0,126967924842324,126967924842324,9223372036854775807,0,126967925757606,126967925757606,126967926337440,126967926795204,126967927008827,126967927375038,126967927588661,126967930396279,126967933020791,305175,1312256,126967949225624,
0,126967941530398,126967941530398,9223372036854775807,0,126967941870889,126967941870889,126967942328652,126967942481240,126967942664346,126967943061074,126967943274697,126967945960244,126967949500283,305176,2227783,126967966071329,
0,126967958255082,126967958255082,9223372036854775807,0,126967959052285,126967959052285,126967960211954,126967960425577,126967960639200,126967961188516,126967961371622,126967964423379,126967966345987,335693,549317,126967982917031,
0,126967974936083,126967974936083,9223372036854775807,0,126967975867470,126967975867470,126967977515420,126967977668007,126967978308877,126967978766640,126967979010781,126967982398232,126967984107216,305176,305176,126967999396522,
0,126967991624012,126967991624012,9223372036854775807,0,126967992499550,126967992499550,126967993079384,126967993567665,126967993811805,126967994116981,126967994300087,126967997016151,126967999671180,305176,1342774,126968016364295,
0,126968008307485,126968008307485,9223372036854775807,0,126968008643347,126968008643347,126968009131629,126968009284216,126968009467322,126968010382850,126968010810096,126968015845496,126968017584998,396728,274658,126968032782753,
0,126968024989335,126968024989335,9223372036854775807,0,126968025885780,126968025885780,126968027991493,126968028174598,126968028388221,126968028876502,126968029120643,126968031897743,126968033515175,274658,274658,126968049384316,
0,126968041660289,126968041660289,9223372036854775807,0,126968042029580,126968042029580,126968042517861,126968042670449,126968042853554,126968043280800,126968043677529,126968046363076,126968049658974,335693,1953125,126968066016397,
0,126968058346543,126968058346543,9223372036854775807,0,126968058692177,126968058722695,126968059455117,126968059607705,126968059790810,126968060858926,126968061042032,126968063819131,126968066291055,274659,1159668,126968082770546,
0,126968075024955,126968075024955,9223372036854775807,0,126968075385293,126968075385293,126968075995644,126968076148232,126968076361855,126968076758583,126968077338417,126968080146034,126968083014687,305176,1556396,126968099402625,
0,126968091714653,126968091714653,9223372036854775807,0,126968092627723,126968092627723,126968093665321,126968093909461,126968094092567,126968094458778,126968094641883,126968097388465,126968099646766,274658,976562,126968116095740,
0,126968108403289,126968108403289,9223372036854775807,0,126968109259803,126968109259803,126968109839637,126968110694129,126968110907752,126968111304481,126968111487586,126968114264686,126968116370398,274658,793457,126968132788856,
0,126968125083325,126968125083325,9223372036854775807,0,126968125403602,126968125403602,126968126136024,126968126288612,126968126502235,126968126898963,126968127082069,126968129828651,126968133063515,335694,1831054,126968149420936,
0,126968141766222,126968141766222,9223372036854775807,0,126968142096718,126968142096718,126968142554482,126968142737587,126968144049843,126968144446572,126968144629677,126968147895058,126968149970253,274658,274659,126968166266641,
0,126968158446171,126968158446171,9223372036854775807,0,126968158789833,126968158789833,126968160071573,126968160224160,126968161292276,126968161780557,126968161963662,126968166053018,126968167731484,366211,244140,126968182868203,
0,126968175131071,126968175131071,9223372036854775807,0,126968176062784,126968176062784,126968176612100,126968177100381,126968177375039,126968177741250,126968177954873,126968180823525,126968183173379,274658,946045,126968199622352,
0,126968191821432,126968191821432,9223372036854775807,0,126968193732460,126968193732460,126968194434364,126968194586952,126968194770058,126968195136269,126968195319374,126968198218544,126968199897011,335694,305176,126968216315467,
0,126968208498876,126968208498876,9223372036854775807,0,126968209845740,126968209845740,126968211188514,126968211310584,126968211554725,126968212012488,126968212256629,126968215186316,126968216834265,305176,305176,126968233008583,
0,126968225183317,126968225183317,9223372036854775807,0,126968225775916,126968225775916,126968226569373,126968227027137,126968227240760,126968227637488,126968227881629,126968230719765,126968233252723,274658,1251221,126968249610145,
0,126968241865741,126968241865741,9223372036854775807,0,126968242224892,126968242224892,126968242865761,126968243018349,126968243201454,126968243567665,126968243964394,126968246619423,126968249884803,335693,1892090,126968266272744,
0,126968258550466,126968258550466,9223372036854775807,0,126968258856972,126968258856972,126968260260781,126968260474404,126968260718545,126968261176309,126968261389932,126968264105996,126968266516884,274659,1129150,126968282935342,
0,126968275237478,126968275237478,9223372036854775807,0,126968275580606,126968275580606,126968276038369,126968276190957,126968276374063,126968276740273,126968277137002,126968279792031,126968283179483,305177,2075195,126968299689492,
0,126968291951282,126968291951282,9223372036854775807,0,126968292304238,126968292304238,126968293036660,126968293189248,126968293402871,126968294104775,126968294287881,126968297095498,126968299964150,305176,1495361,126968316474159,
0,126968308636006,126968308636006,9223372036854775807,0,126968309699257,126968309699257,126968310340126,126968310462196,126968310675819,126968311499794,126968311682899,126968314856727,126968316779334,549317,335693,126968333045204,
0,126968325325306,126968325325306,9223372036854775807,0,126968325659949,126968325659949,126968326575476,126968326758582,126968326941687,126968327552039,126968327735144,126968330481727,126968333319862,274659,1495361,126968349707801,
0,126968342012317,126968342012317,9223372036854775807,0,126968342902382,126968342902382,126968343451698,126968343909462,126968344214637,126968344519813,126968344672401,126968347357948,126968349982459,305176,1342773,126968367163857,
0,126968358696940,126968358696940,9223372036854775807,0,126968359626014,126968359626014,126968360266885,126968360419472,126968360633095,126968361243447,126968363532265,126968366553505,126968368354042,366211,305175,126968383338174,
0,126968375378744,126968375378744,9223372036854775807,0,126968375739297,126968375739297,126968377204140,126968377387246,126968377631386,126968378028115,126968378241738,126968381262979,126968383643350,366211,671387,126968400153359,
0,126968392066284,126968392066284,9223372036854775807,0,126968392432412,126968392432412,126968393470009,126968393683633,126968393897256,126968394629677,126968394873818,126968398383339,126968400611122,457764,335693,126965501197061,
0,126968408752813,126968408752813,9223372036854775807,0,126968409095009,126968409095009,126968409552772,126968409705360,126968409918983,126968410651405,126968411383827,126968414923866,126968416999061,366211,335693,126965517951210,
0,126968425442700,126968425442700,9223372036854775807,0,126968425818640,126968425818640,126968426520545,126968426642615,126968426886755,126968427405554,126968427680212,126968430640418,126968433661658,335693,1556397,126965534766395,
---PROFILEDATA---


View hierarchy:

  works.mees.dinghy/works.mees.dinghy.MainActivity/android.view.ViewRootImpl@262611e
  59 views, 77.84 kB of render nodes


Total ViewRootImpl   : 1
Total attached Views : 59
Total RenderNode     : 77.84 kB (used) / 319.69 kB (capacity)

