Applications Graphics Acceleration Info:
Uptime: 126974536 Realtime: 126974536

** Graphics info for pid 443 [works.mees.dinghy] **

Stats since: 126962229926308ns
Total frames rendered: 424
Janky frames: 18 (4.25%)
50th percentile: 8ms
90th percentile: 12ms
95th percentile: 15ms
99th percentile: 21ms
Number Missed Vsync: 1
Number High input latency: 411
Number Slow UI thread: 1
Number Slow bitmap uploads: 1
Number Slow issue draw commands: 4
Number Frame deadline missed: 7
HISTOGRAM: 5ms=0 6ms=7 7ms=103 8ms=125 9ms=118 10ms=14 11ms=10 12ms=7 13ms=9 14ms=5 15ms=5 16ms=3 17ms=1 18ms=7 19ms=2 20ms=2 21ms=2 22ms=1 23ms=1 24ms=0 25ms=1 26ms=1 27ms=0 28ms=0 29ms=0 30ms=0 31ms=0 32ms=0 34ms=0 36ms=0 38ms=0 40ms=0 42ms=0 44ms=0 46ms=0 48ms=0 53ms=0 57ms=0 61ms=0 65ms=0 69ms=0 73ms=0 77ms=0 81ms=0 85ms=0 89ms=0 93ms=0 97ms=0 101ms=0 105ms=0 109ms=0 113ms=0 117ms=0 121ms=0 125ms=0 129ms=0 133ms=0 150ms=0 200ms=0 250ms=0 300ms=0 350ms=0 400ms=0 450ms=0 500ms=0 550ms=0 600ms=0 650ms=0 700ms=0 750ms=0 800ms=0 850ms=0 900ms=0 950ms=0 1000ms=0 1050ms=0 1100ms=0 1150ms=0 1200ms=0 1250ms=0 1300ms=0 1350ms=0 1400ms=0 1450ms=0 1500ms=0 1550ms=0 1600ms=0 1650ms=0 1700ms=0 1750ms=0 1800ms=0 1850ms=0 1900ms=0 1950ms=0 2000ms=0 2050ms=0 2100ms=0 2150ms=0 2200ms=0 2250ms=0 2300ms=0 2350ms=0 2400ms=0 2450ms=0 2500ms=0 2550ms=0 2600ms=0 2650ms=0 2700ms=0 2750ms=0 2800ms=0 2850ms=0 2900ms=0 2950ms=0 3000ms=0 3050ms=0 3100ms=0 3150ms=0 3200ms=0 3250ms=0 3300ms=0 3350ms=0 3400ms=0 3450ms=0 3500ms=0 3550ms=0 3600ms=0 3650ms=0 3700ms=0 3750ms=0 3800ms=0 3850ms=0 3900ms=0 3950ms=0 4000ms=0 4050ms=0 4100ms=0 4150ms=0 4200ms=0 4250ms=0 4300ms=0 4350ms=0 4400ms=0 4450ms=0 4500ms=0 4550ms=0 4600ms=0 4650ms=0 4700ms=0 4750ms=0 4800ms=0 4850ms=0 4900ms=0 4950ms=0
50th gpu percentile: 20ms
90th gpu percentile: 21ms
95th gpu percentile: 22ms
99th gpu percentile: 22ms
GPU HISTOGRAM: 1ms=0 2ms=0 3ms=0 4ms=0 5ms=0 6ms=0 7ms=0 8ms=0 9ms=0 10ms=3 11ms=14 12ms=10 13ms=7 14ms=3 15ms=9 16ms=10 17ms=12 18ms=38 19ms=99 20ms=103 21ms=92 22ms=20 23ms=1 24ms=0 25ms=0 4950ms=3
Font Cache (CPU):
  Size: 342.05 kB 
  Glyph Count: 68 
CPU Caches:
GPU Caches:
  Other:
    Other: 29.42 KB (1 entry)
    Buffer Object: 2.05 KB (2 entries)
  Image:
    Texture: 0.00 bytes (109 entries)
  Scratch:
    Texture: 4.26 MB (2 entries)
    Buffer Object: 48.00 KB (1 entry)
Other Caches:
                         Current / Maximum
  Layers Total           0.00 KB (numLayers = 0)
Total GPU memory usage:
  4551480 bytes, 4.34 MB (271.39 KB is purgeable)


Pipeline=Skia (OpenGL)
Profile data in ms:

	works.mees.dinghy/works.mees.dinghy.MainActivity/android.view.ViewRootImpl@262611e (visibility=0)
Window: works.mees.dinghy/works.mees.dinghy.MainActivity
Stats since: 126962229926308ns
Total frames rendered: 425
Janky frames: 18 (4.24%)
50th percentile: 8ms
90th percentile: 12ms
95th percentile: 15ms
99th percentile: 21ms
Number Missed Vsync: 1
Number High input latency: 412
Number Slow UI thread: 1
Number Slow bitmap uploads: 1
Number Slow issue draw commands: 4
Number Frame deadline missed: 7
HISTOGRAM: 5ms=0 6ms=8 7ms=103 8ms=125 9ms=118 10ms=14 11ms=10 12ms=7 13ms=9 14ms=5 15ms=5 16ms=3 17ms=1 18ms=7 19ms=2 20ms=2 21ms=2 22ms=1 23ms=1 24ms=0 25ms=1 26ms=1 27ms=0 28ms=0 29ms=0 30ms=0 31ms=0 32ms=0 34ms=0 36ms=0 38ms=0 40ms=0 42ms=0 44ms=0 46ms=0 48ms=0 53ms=0 57ms=0 61ms=0 65ms=0 69ms=0 73ms=0 77ms=0 81ms=0 85ms=0 89ms=0 93ms=0 97ms=0 101ms=0 105ms=0 109ms=0 113ms=0 117ms=0 121ms=0 125ms=0 129ms=0 133ms=0 150ms=0 200ms=0 250ms=0 300ms=0 350ms=0 400ms=0 450ms=0 500ms=0 550ms=0 600ms=0 650ms=0 700ms=0 750ms=0 800ms=0 850ms=0 900ms=0 950ms=0 1000ms=0 1050ms=0 1100ms=0 1150ms=0 1200ms=0 1250ms=0 1300ms=0 1350ms=0 1400ms=0 1450ms=0 1500ms=0 1550ms=0 1600ms=0 1650ms=0 1700ms=0 1750ms=0 1800ms=0 1850ms=0 1900ms=0 1950ms=0 2000ms=0 2050ms=0 2100ms=0 2150ms=0 2200ms=0 2250ms=0 2300ms=0 2350ms=0 2400ms=0 2450ms=0 2500ms=0 2550ms=0 2600ms=0 2650ms=0 2700ms=0 2750ms=0 2800ms=0 2850ms=0 2900ms=0 2950ms=0 3000ms=0 3050ms=0 3100ms=0 3150ms=0 3200ms=0 3250ms=0 3300ms=0 3350ms=0 3400ms=0 3450ms=0 3500ms=0 3550ms=0 3600ms=0 3650ms=0 3700ms=0 3750ms=0 3800ms=0 3850ms=0 3900ms=0 3950ms=0 4000ms=0 4050ms=0 4100ms=0 4150ms=0 4200ms=0 4250ms=0 4300ms=0 4350ms=0 4400ms=0 4450ms=0 4500ms=0 4550ms=0 4600ms=0 4650ms=0 4700ms=0 4750ms=0 4800ms=0 4850ms=0 4900ms=0 4950ms=0
50th gpu percentile: 20ms
90th gpu percentile: 21ms
95th gpu percentile: 22ms
99th gpu percentile: 22ms
GPU HISTOGRAM: 1ms=0 2ms=0 3ms=0 4ms=0 5ms=0 6ms=0 7ms=0 8ms=0 9ms=0 10ms=3 11ms=14 12ms=10 13ms=7 14ms=3 15ms=9 16ms=10 17ms=12 18ms=38 19ms=100 20ms=103 21ms=92 22ms=20 23ms=1 24ms=0 25ms=0 4950ms=3


---PROFILEDATA---
Flags,IntendedVsync,Vsync,OldestInputEvent,NewestInputEvent,HandleInputStart,AnimationStart,PerformTraversalsStart,DrawStart,SyncQueued,SyncStart,IssueDrawCommandsStart,SwapBuffers,FrameCompleted,DequeueBufferDuration,QueueBufferDuration,GpuCompleted,
0,126971705925141,126971705925141,9223372036854775807,0,126971706214150,126971706214150,126971707007607,126971707160195,126971707740029,126971708136758,126971708350381,126971711219033,126971715888222,335693,3234863,126971732184609,
0,126971722620373,126971722620373,9223372036854775807,0,126971722876747,126971722876747,126971723670204,126971723822792,126971724036415,126971724433143,126971724616249,126971727545936,126971732428749,305176,3570557,126971748755654,
0,126971739280757,126971739280757,9223372036854775807,0,126971739600380,126971739600380,126971740424355,126971740576943,126971740790566,126971741156777,126971741339883,126971744208535,126971749060829,274658,3570556,126971765662393,
0,126971755944798,126971755944798,9223372036854775807,0,126971756781777,126971756781777,126971758094033,126971758216103,126971758795937,126971759192666,126971759406289,126971763404092,126971765998086,366211,1098633,126971782294473,
0,126971772660587,126971772660587,9223372036854775807,0,126971772986612,126971772986612,126971773719034,126971773841104,126971774054727,126971774787149,126971774970255,126971777960977,126971782874307,274658,3570556,126971798896034,
0,126971789633326,126971789633326,9223372036854775807,0,126971790595254,126971790595254,126971792090615,126971792243203,126971792517861,126971792884072,126971793158730,126971795996865,126971799140175,274658,1861573,126971815467079,
0,126971806465444,126971806465444,9223372036854775807,0,126971806647499,126971806647499,126971807135780,126971807288368,126971807501991,126971808112342,126971808448036,126971811072548,126971815741737,488281,3173827,126971832282266,
0,126971823152455,126971823152455,9223372036854775807,0,126971823493203,126971823493203,126971824652871,126971824805458,126971825415810,126971825812538,126971825995644,126971831458291,126971833258828,366211,305176,126971848975381,
0,126971839837077,126971839837077,9223372036854775807,0,126971840247354,126971840247354,126971841193399,126971841315469,126971841529092,126971841834268,126971842108926,126971844916543,126971849250039,274659,2960205,126971865576943,
0,126971856520077,126971856520077,9223372036854775807,0,126971857123575,126971857123575,126971858069620,126971858222207,126971858405313,126971858741006,126971858924112,126971861792764,126971866034707,274658,2929688,126971882239540,
0,126971873205364,126971873205364,9223372036854775807,0,126971874152382,126971874152382,126971875189980,126971875342568,126971875525673,126971875891884,126971876074990,126971878699501,126971882544716,366211,2410889,126971899085243,
0,126971889896078,126971889896078,9223372036854775807,0,126971890204628,126971890235146,126971892310341,126971892493447,126971893103798,126971893439491,126971893653114,126971896887978,126971899604042,366211,1159668,126971915808877,
0,126971906582837,126971906582837,9223372036854775807,0,126971906928261,126971906958779,126971908057411,126971908209999,126971908393105,126971909003456,126971909735878,126971912512979,126971916205605,366211,2075195,126971932471475,
0,126971923275011,126971923275011,9223372036854775807,0,126971924292764,126971924323282,126971925849160,126971926001748,126971926215371,126971926581582,126971927008828,126971930091104,126971932868204,305176,1129150,126971949225625,
0,126971939956584,126971939956584,9223372036854775807,0,126971940985879,126971940985879,126971941992959,126971942145547,126971942359170,126971942694863,126971943183145,126971946051797,126971950354775,335694,2593994,126971965735633,
0,126971956643297,126971956643297,9223372036854775807,0,126971957007607,126971957007607,126971957862099,126971957984169,126971958197792,126971958930214,126971959143837,126971962195595,126971966010292,274658,2471924,126971982550820,
0,126971973330884,126971973330884,9223372036854775807,0,126971973670204,126971973670204,126971974829872,126971975012978,126971975592812,126971975959022,126971976172646,126971978736122,126971983008584,366211,2380371,126971999091347,
0,126971990020758,126971990020758,9223372036854775807,0,126971990332803,126971990332803,126971991400918,126971991522988,126971991736611,126971992285928,126971992499551,126971995429238,126971999366005,274658,2624511,126972015723428,
0,126972006712933,126972006712933,9223372036854775807,0,126972007056436,126972007056436,126972007483682,126972007636270,126972007788857,126972008277139,126972008643350,126972011359415,126972015998086,274658,3326416,126972032447060,
0,126972023395931,126972023395931,9223372036854775807,0,126972023719033,126972023719033,126972024115762,126972024512490,126972024726113,126972025519570,126972025702676,126972028449258,126972032721718,274658,2960205,126972049109657,
0,126972040081218,126972040081218,9223372036854775807,0,126972040442665,126972040442665,126972040869911,126972041022499,126972041205604,126972041693886,126972042060097,126972044776161,126972049384315,305176,3265381,126972065833290,
0,126972056768805,126972056768805,9223372036854775807,0,126972057074745,126972057074745,126972057471474,126972057868202,126972058081825,126972058905800,126972059088905,126972062354287,126972066077431,518799,2197266,126972082648477,
0,126972073458692,126972073458692,9223372036854775807,0,126972074317178,126972074347695,126972075843056,126972075965127,126972076972207,126972077338418,126972077552041,126972080939493,126972083075723,305176,671387,126972099219521,
0,126972090153084,126972090153084,9223372036854775807,0,126972090705117,126972090705117,126972091559609,126972091681680,126972091925820,126972092627724,126972092871865,126972095557412,126972099494179,274658,2593994,126972115882117,
0,126972106840829,126972106840829,9223372036854775807,0,126972107154091,126972107184608,126972107581337,126972107733925,126972107917030,126972108405311,126972108771522,126972112494666,126972116156776,427246,2197265,126972132636269,
0,126972123525553,126972123525553,9223372036854775807,0,126972123847206,126972123847206,126972124884803,126972125006874,126972125220497,126972125739296,126972125952919,126972128638465,126972132941445,274659,2960206,126972149237831,
0,126972140212564,126972140212564,9223372036854775807,0,126972140601357,126972140601357,126972141913613,126972142035683,126972142218789,126972142615517,126972143134316,126972145789345,126972149512489,274658,2441406,126972165991983,
0,126972156901345,126972156901345,9223372036854775807,0,126972157263955,126972157263955,126972158179482,126972158332070,126972158484658,126972159186562,126972159339150,126972162207803,126972166236123,366211,2655029,126972182563027,
0,126972173588976,126972173588976,9223372036854775807,0,126972173926553,126972173926553,126972174353799,126972174506387,126972174658975,126972175635538,126972175818643,126972178534707,126972182837686,305176,3021240,126972199317177,
0,126972190273985,126972190273985,9223372036854775807,0,126972190589150,126972190619668,126972191443642,126972191596230,126972191779336,126972192450722,126972192633828,126972195380410,126972199591835,274658,2899170,126972216010292,
0,126972206961363,126972206961363,9223372036854775807,0,126972207312782,126972207312782,126972207892616,126972208014686,126972208228309,126972208625038,126972208991249,126972211859902,126972216284950,366211,3051758,126972232672891,
0,126972223654213,126972223654213,9223372036854775807,0,126972224036416,126972224036416,126972224707802,126972224860390,126972225043496,126972225836953,126972225989540,126972228736122,126972232947549,274658,2929689,126972249396523,
0,126972240341787,126972240341787,9223372036854775807,0,126972241309366,126972241309366,126972241828165,126972242285928,126972242499551,126972242835245,126972243048868,126972245734414,126972249671182,274659,2563477,126972266333778,
0,126972257031674,126972257031674,9223372036854775807,0,126972257941445,126972257941445,126972259284218,126972259406288,126972259986122,126972260413368,126972260657509,126972263495644,126972266791542,335693,1770020,126972282843788,
0,126972273719349,126972273719349,9223372036854775807,0,126972274024207,126972274024207,126972274451453,126972274604041,126972274787147,126972275275428,126972275794227,126972278571326,126972283118446,274659,3204346,126972299506386,
0,126972290405118,126972290405118,9223372036854775807,0,126972290686806,126972290717324,126972291114052,126972291510781,126972291724404,126972292487343,126972292670448,126972295233925,126972299750526,305176,3234863,126972316138467,
0,126972307092886,126972307092886,9223372036854775807,0,126972307471474,126972307532509,126972308020790,126972308142861,126972308356484,126972309088906,126972309302529,126972312995156,126972316565713,335694,1953125,126972332892617,
0,126972323779322,126972323779322,9223372036854775807,0,126972324652871,126972324652871,126972325171670,126972325598916,126972325812539,126972326178750,126972326422891,126972329108437,126972333136758,305175,2624511,126972349555214,
0,126972340468059,126972340468059,9223372036854775807,0,126972341376503,126972341376503,126972341864784,126972342322548,126972342536171,126972342871864,126972343116005,126972345771034,126972349799354,305175,2685547,126972366156776,
0,126972357154597,126972357154597,9223372036854775807,0,126972358039100,126972358039100,126972359198768,126972359320838,126972359503943,126972359870154,126972360053260,126972363043983,126972366461952,244141,2075195,126972382849892,
0,126972373835871,126972373835871,9223372036854775807,0,126972374762734,126972374762734,126972375251015,126972375678261,126972375922401,126972376258095,126972376471718,126972379126747,126972383155068,274658,2593994,126972399604043,
0,126972390518433,126972390518433,9223372036854775807,0,126972391242227,126972391242227,126972392920693,126972393134316,126972393317422,126972393683633,126972393866738,126972396552285,126972399878701,335693,1953125,126972416236123,
0,126972407206491,126972407206491,9223372036854775807,0,126972407599649,126972407599649,126972408301553,126972408454141,126972408637246,126972409064492,126972409339150,126972412360390,126972416510781,274658,2838134,126972432898719,
0,126972423893456,126972423893456,9223372036854775807,0,126972424231728,126972424231728,126972424933632,126972425055702,126972425269325,126972426032265,126972426215370,126972428900917,126972433173377,274658,2868652,126972449622352,
0,126972440583918,126972440583918,9223372036854775807,0,126972441474159,126972441474159,126972443000038,126972443152626,126972443335731,126972443671425,126972443824013,126972446845253,126972450141152,366211,1708985,126972466407021,
0,126972457272168,126972457272168,9223372036854775807,0,126972457678993,126972457709511,126972458411415,126972458594520,126972458777626,126972459784706,126972460395058,126972463477334,126972466681679,366211,1586914,126972483222207,
0,126972473955154,126972473955154,9223372036854775807,0,126972474311074,126972474311074,126972474738320,126972474890908,126972475104531,126972476081094,126972476294717,126972479193886,126972483496866,396728,2685546,126972499884804,
0,126972490640454,126972490640454,9223372036854775807,0,126972490973672,126972490973672,126972491400918,126972491828164,126972492041787,126972492469033,126972492652138,126972495459755,126972500434120,366211,335693,126972516486365,
0,126972507328041,126972507328041,9223372036854775807,0,126972507697304,126972507697304,126972508277137,126972508429725,126972508643348,126972509131630,126972509711464,126972512732704,126972516822059,366211,2349853,126972533240517,
0,126972524017914,126972524017914,9223372036854775807,0,126972526282508,126972526282508,126972526831825,126972526984413,126972527228553,126972527777870,126972528174598,126972531165322,126972533515175,549317,671387,126972549750527,
0,126972540711973,126972540711973,9223372036854775807,0,126972541693886,126972541693886,126972542060097,126972542212685,126972542426308,126972569617471,126972569800576,126972572699746,126972574713906,366211,488281,126972583228310,
0,126972557399489,126972557399489,9223372036854775807,0,126972570075234,126972570075234,126972570441445,126972570532998,126972570716103,126972575019082,126972575202187,126972577918251,126972583441933,213623,4302978,126972593146522,
0,126973425184556,126973425184556,126973410000000,126973418000000,126973425482949,126973427527626,126973427527626,126973427619179,126973428168495,126973428656777,126973428870400,126973431891640,126973444709022,4180908,854492,126973459784704,
0,126973441872646,126973441872646,126973428000000,126973436000000,126973442176063,126973443915565,126973443915565,126973444068153,126973444281776,126973445014198,126973445227821,126973448096473,126973463233191,1373291,3356934,126973465918737,
0,126973458560736,126973458560736,126973448000000,126973453560736,126973459479529,126973464820105,126973464850622,126973464942175,126973465857702,126973466345983,126973466590124,126973469611364,126973471595007,366212,335694,126973480353553,
0,126973475250712,126973475250712,126973465000000,126973480000000,126973476142126,126973483679969,126973483924109,126973484046180,126973491339881,126973491767127,126973492957313,126973496436317,126973499396521,1342773,427246,126973506964881,
0,126973491949250,126973491949250,9223372036854775807,0,126973499579627,126973499610144,126973500281532,126973500434120,126973503363807,126973503791053,126973504035194,126973508734901,126973511206825,305176,427246,126973518500526,
0,126973505889717,126973505889717,9223372036854775807,0,126973511023720,126973511023720,126973511908730,126973512030800,126973512641151,126973513007362,126973513220985,126973516211708,126973518958290,366211,1098633,126973529944618,
0,126973522256926,126973522256926,9223372036854775807,0,126973523200234,126973523200234,126973524390419,126973524512490,126973527106484,126973527503212,126973527777870,126973530951699,126973532782754,305176,305175,126973546729287,
0,126973538812288,126973538812288,9223372036854775807,0,126973539221962,126973539221962,126973541022500,126973541144571,126973541724405,126973542121133,126973542334756,126973545417031,126973547126016,305176,335693,126973563300331,
0,126973555450845,126973555450845,9223372036854775807,0,126973555762490,126973555762490,126973556189736,126973556311806,126973556525429,126973556861122,126973557013710,126973559882362,126973563574989,335693,2319336,126973580084998,
0,126973572054803,126973572054803,9223372036854775807,0,126973572882850,126973572882850,126973574439246,126973574591834,126973575171668,126973575598914,126973575873572,126973579199988,126973580939490,305176,305176,126973596686560,
0,126973588693777,126973588693777,9223372036854775807,0,126973589636999,126973589636999,126973591040809,126973591162879,126973591742713,126973592139442,126973592353065,126973595160682,126973596991736,335693,396728,126973613349159,
0,126973605330582,126973605330582,9223372036854775807,0,126973605658729,126973605658729,126973606696326,126973606848914,126973607062537,126973607398231,126973607642371,126973610694130,126973613623817,305176,1586914,126973630103310,
0,126973621977805,126973621977805,9223372036854775807,0,126973622290810,126973622290810,126973623145302,126973623297890,126973623877724,126973624243935,126973624457558,126973627326210,126973630408486,366211,1617432,126973646887978,
0,126973638630604,126973638630604,9223372036854775807,0,126973639533241,126973639533241,126973641089639,126973641242227,126973641455850,126973642188271,126973642432412,126973645453652,126973647132119,305176,305176,126973663275919,
0,126973655286613,126973655286613,9223372036854775807,0,126973655646524,126973655646524,126973656195840,126973656317910,126973656501016,126973656897744,126973657080850,126973659857949,126973663794717,335695,305176,126973680304726,
0,126973671971253,126973671971253,9223372036854775807,0,126973672278604,126973672309121,126973673682412,126973673804482,126973674506387,126973674842080,126973675086221,126973678443154,126973680609902,366211,335693,126973696753700,
0,126973688626558,126973688626558,9223372036854775807,0,126973688941200,126973688941200,126973689398964,126973689521034,126973689734657,126973691077431,126973691321571,126973694739540,126973697028358,305176,915527,126973713507849,
0,126973705284569,126973705284569,9223372036854775807,0,126973705634314,126973705634314,126973706519324,126973706671912,126973707251746,126973707587439,126973707831580,126973710974890,126973713813025,305176,1434326,126973730109413,
0,126973721944949,126973721944949,9223372036854775807,0,126973722846228,126973722876746,126973724066932,126973724189002,126973724372107,126973724738318,126973725012976,126973727851111,126973730384071,305176,1220704,126973746955116,
0,126973738607547,126973738607547,9223372036854775807,0,126973738898475,126973738898475,126973740119179,126973740241249,126973740821083,126973741248329,126973741461952,126973744239051,126973747351844,366210,1556397,126973763587197,
0,126973755272568,126973755272568,9223372036854775807,0,126973756201942,126973756201942,126973757819374,126973757971962,126973758155067,126973758521278,126973758795936,126973761817177,126973763861855,274659,732422,126973780158243,
0,126973771938058,126973771938058,9223372036854775807,0,126973772254189,126973772254189,126973773108681,126973773230752,126973773444375,126973773780068,126973773963174,126973776740273,126973780432901,305176,2380371,126973796912392,
0,126973788642969,126973788642969,9223372036854775807,0,126973789496621,126973789496621,126973790839394,126973790991982,126973791571816,126973791968545,126973792151650,126973794928749,126973797278603,335693,854492,126973813574989,
0,126973805343972,126973805343972,9223372036854775807,0,126973805670936,126973805670936,126973806739051,126973806861122,126973807044227,126973807471473,126973807685096,126973810767372,126973813849647,335693,1770019,126973830207069,
0,126973821986481,126973821986481,9223372036854775807,0,126973822364051,126973822364051,126973822791297,126973822913367,126973823096472,126973823432166,126973823615271,126973826514441,126973830451209,305176,2593995,126973846869666,
0,126973839161726,126973839161726,9223372036854775807,0,126973839514929,126973839514929,126973840247352,126973840369422,126973840613563,126973840979774,126973841162879,126973843939979,126973847144324,274658,1892090,126973863715370,
0,126973855859747,126973855859747,9223372036854775807,0,126973856177528,126973856177528,126973857032020,126973857184608,126973858161170,126973858527381,126973858771522,126973862311562,126973864386757,366211,335694,126973880347451,
0,126973872540458,126973872540458,9223372036854775807,0,126973872840127,126973872840127,126973873969277,126973874121865,126973874335488,126973874701699,126973874915322,126973877845009,126973880652627,396729,1342774,126973896949014,
0,126973889223445,126973889223445,9223372036854775807,0,126973890113077,126973890113077,126973892005166,126973892157754,126973892340860,126973892707071,126973892920694,126973895758828,126973897376260,335693,305176,126973913672647,
0,126973905910719,126973905910719,9223372036854775807,0,126973906256876,126973906256876,126973907111368,126973907294473,126973907447061,126973907813272,126973907996377,126973910926065,126973913947305,305176,1678467,126973930518349,
0,126973922596331,126973922596331,9223372036854775807,0,126973923499306,126973923529824,126973924872597,126973925025185,126973926032265,126973926428993,126973926703652,126973929816444,126973932501991,610352,427246,126973946997840,
0,126973939274730,126973939274730,9223372036854775807,0,126973939551551,126973939582069,126973940039832,126973940161903,126973940375526,126973941260535,126973941504676,126973944953162,126973947333533,335693,793457,126973963904578,
0,126973955955429,126973955955429,9223372036854775807,0,126973956336218,126973956366736,126973957129675,126973957282263,126973957495886,126973957923132,126973958350378,126973961219031,126973964179236,335693,1586914,126973980414589,
0,126973972638429,126973972638429,9223372036854775807,0,126973972968299,126973972968299,126973973670203,126973973792274,126973974036414,126973974768836,126973974982459,126973977820594,126973980689247,305176,1556398,126973997077186,
0,126973989316740,126973989316740,9223372036854775807,0,126973989691932,126973989691932,126973990271767,126973990393837,126973990576943,126973991309364,126973991522987,126973994269569,126973997351845,305175,1739502,126974013800820,
0,126974006032715,126974006032715,9223372036854775807,0,126974006324013,126974006324013,126974007117470,126974007239540,126974007483681,126974008155068,126974008338173,126974011450967,126974014075478,274658,1312256,126974030616006,
0,126974022719382,126974022719382,9223372036854775807,0,126974023627481,126974023627481,126974024939736,126974025061807,126974026007852,126974026374063,126974026587686,126974029273232,126974031073769,335694,305176,126974047248085,
0,126974039404669,126974039404669,9223372036854775807,0,126974039710243,126974039710243,126974040198525,126974040625771,126974040869911,126974041693886,126974041876991,126974044928749,126974047522743,335694,1281739,126974063819129,
0,126974056092255,126974056092255,9223372036854775807,0,126974056403358,126974056403358,126974057166297,126974057288367,126974057501990,126974058234412,126974058448035,126974061530310,126974064063269,305176,1220703,126974080512245,
0,126974072782142,126974072782142,9223372036854775807,0,126974073126990,126974073126990,126974073798377,126974073920447,126974074195105,126974074897010,126974075080115,126974077857215,126974080786903,305176,1586915,126974097174842,
0,126974089474316,126974089474316,9223372036854775807,0,126974090369423,126974090399940,126974090857704,126974091345985,126974091529091,126974091864784,126974092078407,126974094824989,126974097418983,305176,1281739,126974113806923,
0,126974106164278,126974106164278,9223372036854775807,0,126974106482704,126974106482704,126974107276161,126974107398231,126974107611854,126974108374794,126974108557899,126974111823281,126974114112099,488281,610351,126974130622110,
0,126974122849003,126974122849003,9223372036854775807,0,126974123206338,126974123206338,126974123725137,126974123877725,126974124060830,126974124549111,126974124732217,126974127509316,126974130896768,274658,2075196,126974147376260,
0,126974139536015,126974139536015,9223372036854775807,0,126974139838418,126974139838418,126974141944132,126974142127237,126974142981729,126974143378458,126974143592081,126974146399698,126974148078164,305176,274659,126974163977822,
0,126974156225314,126974156225314,9223372036854775807,0,126974156470498,126974156470498,126974157141885,126974157263955,126974157447060,126974157874306,126974158087929,126974161139687,126974164282997,335693,1708985,126974180670936,
0,126974172916925,126974172916925,9223372036854775807,0,126974173255165,126974173255165,126974173957069,126974174079139,126974174323280,126974175208290,126974175421913,126974178351600,126974180945594,305175,1281738,126974197303015,
0,126974189606313,126974189606313,9223372036854775807,0,126974190497595,126974190497595,126974191687781,126974191809851,126974191992957,126974192389685,126974192603308,126974195258337,126974197547156,274659,976562,126974214118200,
0,126974206290463,126974206290463,9223372036854775807,0,126974206580359,126974206610877,126974207007605,126974207129675,126974207343299,126974207648474,126974207831580,126974212287146,126974214423376,366211,305175,126974230658729,
0,126974222976899,126974222976899,9223372036854775807,0,126974224494177,126974224494177,126974225592810,126974225714880,126974225928503,126974226264197,126974226447302,126974229468542,126974231269080,305176,305175,126974247351844,
0,126974239668708,126974239668708,9223372036854775807,0,126974240058143,126974240058143,126974241095741,126974241248329,126974241431434,126974242102821,126974242285926,126974245337684,126974247626502,305176,854492,126974264014443,
0,126974256356660,126974256356660,9223372036854775807,0,126974257300575,126974257300575,126974257849891,126974258368690,126974258643348,126974258979041,126974259192665,126974262244423,126974264289101,305176,579834,126974280768594,
0,126974273038509,126974273038509,9223372036854775807,0,126974273963173,126974273963173,126974274481972,126974274909218,126974275214394,126974275519570,126974275672158,126974278449257,126974281012734,274658,1281739,126974297370156,
0,126974289722646,126974289722646,9223372036854775807,0,126974290625772,126974290625772,126974291114053,126974291663370,126974291907510,126974292273721,126974292426309,126974295142373,126974297644815,274659,1220703,126974314124306,
0,126974306406401,126974306406401,9223372036854775807,0,126974307257851,126974307288369,126974307776650,126974308234413,126974308417519,126974308753212,126974308936318,126974311774452,126974314398964,274659,1342774,126974330847937,
0,126974323093320,126974323093320,9223372036854775807,0,126974323981483,126974323981483,126974324500282,126974324958045,126974325202186,126974325537879,126974325720985,126974328406531,126974331122596,274658,1434326,126974347480018,
0,126974339783782,126974339783782,9223372036854775807,0,126974340674598,126974340674598,126974341620643,126974341742713,126974342017371,126974342322547,126974342505653,126974345252234,126974347754676,244140,1220703,126974364234168,
0,126974356465056,126974356465056,9223372036854775807,0,126974357337196,126974357337196,126974358313758,126974358466346,126974358710487,126974359046180,126974359229285,126974362586219,126974364691932,305176,579834,126974380957802,
0,126974373148618,126974373148618,9223372036854775807,0,126974374030311,126974374030311,126974375434119,126974375556190,126974376136024,126974376471717,126974376685340,126974379523475,126974381629188,335694,305175,126974397650917,
0,126974389834492,126974389834492,9223372036854775807,0,126974390235146,126974390235146,126974391547402,126974391699989,126974391974648,126974392340859,126974392554482,126974395331581,126974397895057,274658,1251220,126974414252480,
0,126974406522654,126974406522654,9223372036854775807,0,126974407416542,126974407416542,126974408484657,126974408698280,126974408850868,126974409217079,126974409430702,126974412268838,126974414557656,274658,946045,126974430976113,
0,126974423213103,126974423213103,9223372036854775807,0,126974424079141,126974424079141,126974424658975,126974425116738,126974425391397,126974425696572,126974425879678,126974428534707,126974431250771,274658,1403808,126974447608192,
0,126974439898877,126974439898877,9223372036854775807,0,126974440802773,126974440802773,126974441291054,126974441748817,126974441992958,126974442267616,126974442481239,126974445136268,126974447882850,274658,1464843,126974464484412,
0,126974456583013,126974456583013,9223372036854775807,0,126974457709510,126974457709510,126974458930213,126974459052283,126974459296424,126974459723670,126974459906775,126974463294226,126974465399939,488282,274658,126974481147010,
0,126974473269450,126974473269450,9223372036854775807,0,126974473578650,126974473609168,126974474677283,126974474799354,126974475012977,126974475531775,126974475745398,126974478644568,126974481482704,335694,1434327,126974497840126,
0,126974489979114,126974489979114,9223372036854775807,0,126974490363319,126974490363319,126974490821083,126974490973671,126974491187294,126974492865761,126974493079384,126974496070106,126974498206336,366211,701905,126974514624794,
0,126974506671545,126974506671545,9223372036854775807,0,126974507636269,126974507636269,126974509009559,126974509131630,126974509406288,126974509803016,126974509986122,126974513190468,126974515052041,335693,396728,126971682166299,
0,126974523354336,126974523354336,9223372036854775807,0,126974523719033,126974523719033,126974524146279,126974524298867,126974524512490,126974525794228,126974526038369,126974528876504,126974531592569,396728,1129151,126971698798379,
0,126974540042449,126974540042449,9223372036854775807,0,126974540442667,126974540473185,126974540900431,126974541541300,126974541724405,126974543860635,126974544074258,126974547034463,126974548621377,305176,274658,126971715552529,
---PROFILEDATA---


View hierarchy:

  works.mees.dinghy/works.mees.dinghy.MainActivity/android.view.ViewRootImpl@262611e
  67 views, 88.43 kB of render nodes


Total ViewRootImpl   : 1
Total attached Views : 67
Total RenderNode     : 88.43 kB (used) / 361.79 kB (capacity)

