Applications Graphics Acceleration Info:
Uptime: 126978600 Realtime: 126978600

** Graphics info for pid 443 [works.mees.dinghy] **

Stats since: 126962229926308ns
Total frames rendered: 565
Janky frames: 20 (3.54%)
50th percentile: 8ms
90th percentile: 11ms
95th percentile: 15ms
99th percentile: 22ms
Number Missed Vsync: 1
Number High input latency: 543
Number Slow UI thread: 2
Number Slow bitmap uploads: 1
Number Slow issue draw commands: 4
Number Frame deadline missed: 8
HISTOGRAM: 5ms=11 6ms=73 7ms=150 8ms=129 9ms=121 10ms=16 11ms=13 12ms=7 13ms=10 14ms=5 15ms=7 16ms=3 17ms=1 18ms=7 19ms=2 20ms=2 21ms=2 22ms=1 23ms=1 24ms=1 25ms=1 26ms=2 27ms=0 28ms=0 29ms=0 30ms=0 31ms=0 32ms=0 34ms=0 36ms=0 38ms=0 40ms=0 42ms=0 44ms=0 46ms=0 48ms=0 53ms=0 57ms=0 61ms=0 65ms=0 69ms=0 73ms=0 77ms=0 81ms=0 85ms=0 89ms=0 93ms=0 97ms=0 101ms=0 105ms=0 109ms=0 113ms=0 117ms=0 121ms=0 125ms=0 129ms=0 133ms=0 150ms=0 200ms=0 250ms=0 300ms=0 350ms=0 400ms=0 450ms=0 500ms=0 550ms=0 600ms=0 650ms=0 700ms=0 750ms=0 800ms=0 850ms=0 900ms=0 950ms=0 1000ms=0 1050ms=0 1100ms=0 1150ms=0 1200ms=0 1250ms=0 1300ms=0 1350ms=0 1400ms=0 1450ms=0 1500ms=0 1550ms=0 1600ms=0 1650ms=0 1700ms=0 1750ms=0 1800ms=0 1850ms=0 1900ms=0 1950ms=0 2000ms=0 2050ms=0 2100ms=0 2150ms=0 2200ms=0 2250ms=0 2300ms=0 2350ms=0 2400ms=0 2450ms=0 2500ms=0 2550ms=0 2600ms=0 2650ms=0 2700ms=0 2750ms=0 2800ms=0 2850ms=0 2900ms=0 2950ms=0 3000ms=0 3050ms=0 3100ms=0 3150ms=0 3200ms=0 3250ms=0 3300ms=0 3350ms=0 3400ms=0 3450ms=0 3500ms=0 3550ms=0 3600ms=0 3650ms=0 3700ms=0 3750ms=0 3800ms=0 3850ms=0 3900ms=0 3950ms=0 4000ms=0 4050ms=0 4100ms=0 4150ms=0 4200ms=0 4250ms=0 4300ms=0 4350ms=0 4400ms=0 4450ms=0 4500ms=0 4550ms=0 4600ms=0 4650ms=0 4700ms=0 4750ms=0 4800ms=0 4850ms=0 4900ms=0 4950ms=0
50th gpu percentile: 19ms
90th gpu percentile: 21ms
95th gpu percentile: 21ms
99th gpu percentile: 22ms
GPU HISTOGRAM: 1ms=0 2ms=0 3ms=0 4ms=0 5ms=0 6ms=0 7ms=0 8ms=0 9ms=0 10ms=126 11ms=21 12ms=11 13ms=10 14ms=3 15ms=9 16ms=11 17ms=12 18ms=41 19ms=101 20ms=104 21ms=92 22ms=20 23ms=1 24ms=0 25ms=0 4950ms=3
Font Cache (CPU):
  Size: 342.05 kB 
  Glyph Count: 68 
CPU Caches:
GPU Caches:
  Other:
    Other: 26.23 KB (1 entry)
    Buffer Object: 2.05 KB (2 entries)
  Image:
    Texture: 0.00 bytes (109 entries)
  Scratch:
    Texture: 4.26 MB (2 entries)
    Buffer Object: 48.00 KB (1 entry)
Other Caches:
                         Current / Maximum
  Layers Total           0.00 KB (numLayers = 0)
Total GPU memory usage:
  4548216 bytes, 4.34 MB (271.39 KB is purgeable)


Pipeline=Skia (OpenGL)
Profile data in ms:

	works.mees.dinghy/works.mees.dinghy.MainActivity/android.view.ViewRootImpl@262611e (visibility=0)
Window: works.mees.dinghy/works.mees.dinghy.MainActivity
Stats since: 126962229926308ns
Total frames rendered: 566
Janky frames: 20 (3.53%)
50th percentile: 8ms
90th percentile: 11ms
95th percentile: 15ms
99th percentile: 22ms
Number Missed Vsync: 1
Number High input latency: 544
Number Slow UI thread: 2
Number Slow bitmap uploads: 1
Number Slow issue draw commands: 4
Number Frame deadline missed: 8
HISTOGRAM: 5ms=11 6ms=74 7ms=150 8ms=129 9ms=121 10ms=16 11ms=13 12ms=7 13ms=10 14ms=5 15ms=7 16ms=3 17ms=1 18ms=7 19ms=2 20ms=2 21ms=2 22ms=1 23ms=1 24ms=1 25ms=1 26ms=2 27ms=0 28ms=0 29ms=0 30ms=0 31ms=0 32ms=0 34ms=0 36ms=0 38ms=0 40ms=0 42ms=0 44ms=0 46ms=0 48ms=0 53ms=0 57ms=0 61ms=0 65ms=0 69ms=0 73ms=0 77ms=0 81ms=0 85ms=0 89ms=0 93ms=0 97ms=0 101ms=0 105ms=0 109ms=0 113ms=0 117ms=0 121ms=0 125ms=0 129ms=0 133ms=0 150ms=0 200ms=0 250ms=0 300ms=0 350ms=0 400ms=0 450ms=0 500ms=0 550ms=0 600ms=0 650ms=0 700ms=0 750ms=0 800ms=0 850ms=0 900ms=0 950ms=0 1000ms=0 1050ms=0 1100ms=0 1150ms=0 1200ms=0 1250ms=0 1300ms=0 1350ms=0 1400ms=0 1450ms=0 1500ms=0 1550ms=0 1600ms=0 1650ms=0 1700ms=0 1750ms=0 1800ms=0 1850ms=0 1900ms=0 1950ms=0 2000ms=0 2050ms=0 2100ms=0 2150ms=0 2200ms=0 2250ms=0 2300ms=0 2350ms=0 2400ms=0 2450ms=0 2500ms=0 2550ms=0 2600ms=0 2650ms=0 2700ms=0 2750ms=0 2800ms=0 2850ms=0 2900ms=0 2950ms=0 3000ms=0 3050ms=0 3100ms=0 3150ms=0 3200ms=0 3250ms=0 3300ms=0 3350ms=0 3400ms=0 3450ms=0 3500ms=0 3550ms=0 3600ms=0 3650ms=0 3700ms=0 3750ms=0 3800ms=0 3850ms=0 3900ms=0 3950ms=0 4000ms=0 4050ms=0 4100ms=0 4150ms=0 4200ms=0 4250ms=0 4300ms=0 4350ms=0 4400ms=0 4450ms=0 4500ms=0 4550ms=0 4600ms=0 4650ms=0 4700ms=0 4750ms=0 4800ms=0 4850ms=0 4900ms=0 4950ms=0
50th gpu percentile: 19ms
90th gpu percentile: 21ms
95th gpu percentile: 21ms
99th gpu percentile: 22ms
GPU HISTOGRAM: 1ms=0 2ms=0 3ms=0 4ms=0 5ms=0 6ms=0 7ms=0 8ms=0 9ms=0 10ms=127 11ms=21 12ms=11 13ms=10 14ms=3 15ms=9 16ms=11 17ms=12 18ms=41 19ms=101 20ms=104 21ms=92 22ms=20 23ms=1 24ms=0 25ms=0 4950ms=3


---PROFILEDATA---
Flags,IntendedVsync,Vsync,OldestInputEvent,NewestInputEvent,HandleInputStart,AnimationStart,PerformTraversalsStart,DrawStart,SyncQueued,SyncStart,IssueDrawCommandsStart,SwapBuffers,FrameCompleted,DequeueBufferDuration,QueueBufferDuration,GpuCompleted,
0,126975754579860,126975754579860,9223372036854775807,0,126975755377969,126975755377969,126975756446084,126975756568154,126975756751260,126975757086953,126975757270059,126975759955605,126975761786660,305175,305176,126975769232948,
0,126975771242500,126975771242500,9223372036854775807,0,126975772406776,126975772406776,126975773230751,126975773352821,126975773535927,126975773871620,126975774054725,126975776740272,126975778418739,274659,305176,126975785926063,
0,126975787904166,126975787904166,9223372036854775807,0,126975788703162,126975788733680,126975790076453,126975790198523,126975790808875,126975791114051,126975791327674,126975793982703,126975795691687,274658,274658,126975803229529,
0,126975804681161,126975804681161,9223372036854775807,0,126975805487830,126975805487830,126975806678015,126975806800086,126975806983191,126975807349402,126975807563025,126975810370643,126975812506874,335694,640869,126975819678504,
0,126975821816998,126975821816998,9223372036854775807,0,126975822638710,126975822638710,126975823126991,126975823554237,126975823737343,126975824103553,126975824286659,126975826941688,126975828650672,274658,305175,126975836157997,
0,126975838502655,126975838502655,9223372036854775807,0,126975839301307,126975839301307,126975840583047,126975840705117,126975841254433,126975841590127,126975841773232,126975844306191,126975846015175,274658,274658,126975853522500,
0,126975855203462,126975855203462,9223372036854775807,0,126975856024941,126975856024941,126975857093056,126975857215127,126975857428750,126975857733925,126975857947548,126975860694131,126975862403116,274659,305176,126975869849404,
0,126975871887510,126975871887510,9223372036854775807,0,126975873084267,126975873114785,126975873786172,126975873908242,126975874121865,126975874427041,126975874610146,126975877295693,126975879004677,305176,274658,126975886573036,
0,126975888569934,126975888569934,9223372036854775807,0,126975889411171,126975889411171,126975890357215,126975890479286,126975890723426,126975891059120,126975891242225,126975893836219,126975896460731,274658,335693,126975903052527,
0,126975905254658,126975905254658,9223372036854775807,0,126975906104285,126975906104285,126975908332068,126975908454138,126975909033972,126975909369665,126975909583288,126975912360389,126975914130408,305176,335693,126975921546180,
0,126975921937419,126975921937419,9223372036854775807,0,126975923072059,126975923072059,126975924323280,126975924445350,126975924628456,126975924933631,126975925116737,126975927771766,126975929450233,274658,274658,126975936927040,
0,126975938623994,126975938623994,9223372036854775807,0,126975939429481,126975939429481,126975939917762,126975940345009,126975940558632,126975940863808,126975941046914,126975944129189,126975945960243,305176,396728,126975953253945,
0,126975955309192,126975955309192,9223372036854775807,0,126975956214150,126975956214150,126975956732949,126975957160195,126975957434853,126975957831581,126975958228310,126975961463174,126975963690957,335693,335693,126975970801553,
0,126975971992766,126975971992766,9223372036854775807,0,126975972876749,126975972876749,126975974311075,126975974433145,126975975074014,126975975440225,126975978949746,126975982062540,126975984198770,366211,305176,126975991736612,
0,126975988678628,126975988678628,9223372036854775807,0,126975989569864,126975989569864,126975990210733,126975990332803,126975990821084,126975991217813,126975991858682,126975994788369,126975996558389,274659,366211,126976004004677,
0,126976005366790,126976005366790,9223372036854775807,0,126976006171425,126976006171425,126976007392128,126976007544716,126976007727822,126976008063515,126976008246620,126976011084755,126976012793739,274658,274658,126976020331581,
0,126976022057239,126976022057239,9223372036854775807,0,126976022834022,126976022834022,126976023780067,126976023902137,126976024085242,126976024481971,126976024665076,126976027350623,126976029029090,244141,274658,126976036536414,
0,126976038738513,126976038738513,9223372036854775807,0,126976039557654,126976039557654,126976040076453,126976040198524,126976040686805,126976040991981,126976041144569,126976043769080,126976045447547,274658,274658,126976052924354,
0,126976055422223,126976055422223,9223372036854775807,0,126976056189735,126976056220252,126976056678016,126976057105262,126976057257850,126976057593543,126976057776649,126976060401161,126976062049110,274658,274658,126976069586952,
0,126976072107949,126976072107949,9223372036854775807,0,126976072882851,126976072913368,126976074103554,126976074286659,126976074866493,126976075171669,126976075385292,126976078040321,126976079810341,274658,305176,126976087317665,
0,126976088796110,126976088796110,9223372036854775807,0,126976089575966,126976089606484,126976090125283,126976090247354,126976090705117,126976091132363,126976091345986,126976094031533,126976095801553,274658,305176,126976103308877,
0,126976105482200,126976105482200,9223372036854775807,0,126976106269082,126976106299600,126976107367715,126976107489785,126976107703408,126976108008584,126976108222207,126976110907754,126976112586220,274658,274659,126976120185097,
0,126976122167834,126976122167834,9223372036854775807,0,126976122962196,126976122962196,126976123847206,126976123969276,126976124152382,126976124488075,126976124671181,126976127387245,126976129065712,274658,274658,126976136573035,
0,126976138869405,126976138869405,9223372036854775807,0,126976139685828,126976139685828,126976140357215,126976140753943,126976141028602,126976141364295,126976141516883,126976144202429,126976146155554,274658,457763,126976153388221,
0,126976155560361,126976155560361,9223372036854775807,0,126976156378943,126976156378943,126976158026892,126976158148963,126976158332068,126976158637244,126976158820349,126976161536415,126976163214881,274658,274658,126976170752724,
0,126976172248015,126976172248015,9223372036854775807,0,126976173011024,126976173041542,126976174018104,126976174140175,126976174384315,126976174689491,126976174842079,126976177466591,126976179145057,274658,274658,126976186652382,
0,126976188936266,126976188936266,9223372036854775807,0,126976189765175,126976189765175,126976190283975,126976190406045,126976190863808,126976191260537,126976191413125,126976194007119,126976195655068,244141,305176,126976203192910,
0,126976205619253,126976205619253,9223372036854775807,0,126976206427773,126976206458291,126976207740029,126976207862099,126976208441933,126976208777627,126976208960732,126976211707315,126976213416299,305176,274658,126976220954142,
0,126976222304920,126976222304920,9223372036854775807,0,126976223426065,126976223426065,126976224097452,126976224219522,126976224463663,126976224799356,126976224982462,126976227515420,126976229193887,274658,274658,126976236731728,
0,126976238992138,126976238992138,9223372036854775807,0,126976239814004,126976239814004,126976240454873,126976240851601,126976241126259,126976241461953,126976241645058,126976244300087,126976245978554,274658,305176,126976253516395,
0,126976255682310,126976255682310,9223372036854775807,0,126976256446083,126976256446083,126976257636268,126976257788856,126976257971962,126976258277137,126976258490760,126976261176307,126976262854774,274658,274658,126976270362098,
0,126976272369688,126976272369688,9223372036854775807,0,126976273474890,126976273474890,126976274115759,126976274237830,126976274481970,126976274817664,126976275000769,126976277625281,126976279303747,274658,274658,126976286780555,
0,126976289052112,126976289052112,9223372036854775807,0,126976289832312,126976289832312,126976290351112,126976290778358,126976290961463,126976291297157,126976291480262,126976294257362,126976295966346,274658,305176,126976303443153,
0,126976305736836,126976305736836,9223372036854775807,0,126976306616981,126976306616981,126976307074745,126976307593544,126976307776649,126976308112342,126976308264930,126976311011513,126976312689980,244141,274658,126976320166787,
0,126976322426136,126976322426136,9223372036854775807,0,126976323279580,126976323279580,126976323737343,126976324195107,126976324378212,126976324744423,126976324897011,126976327582558,126976329261025,274658,274658,126976336768349,
0,126976339113147,126976339113147,9223372036854775807,0,126976339911660,126976339911660,126976340399942,126976340827188,126976340979776,126976341315469,126976341498575,126976344153604,126976345832071,274658,274659,126976353339394,
0,126976355804746,126976355804746,9223372036854775807,0,126976356147011,126976356147011,126976356665810,126976356787880,126976356970986,126976357337197,126976357794960,126976360816200,126976362525185,274658,305175,126976370185096,
0,126976372487171,126976372487171,9223372036854775807,0,126976372809608,126976372809608,126976373725135,126976373847205,126976374030311,126976374488075,126976374701698,126976377356727,126976379126746,274658,335693,126976386542517,
0,126976389171894,126976389171894,9223372036854775807,0,126976389472205,126976389472205,126976389991003,126976390143592,126976390296180,126976390692909,126976391028602,126976393653113,126976395362098,274658,274658,126976402869422,
0,126976405858906,126976405858906,9223372036854775807,0,126976406165321,126976406165321,126976406989295,126976407111366,126976407294471,126976407630164,126976407813270,126976410468300,126976412116249,274658,274658,126976419654090,
0,126976422548206,126976422548206,9223372036854775807,0,126976423041542,126976423072060,126976423438271,126976423560341,126976423804482,126976424445351,126976424628456,126976427252968,126976428992470,274658,335693,126976436438759,
0,126976439239805,126976439239805,9223372036854775807,0,126976439551552,126976439551552,126976440100869,126976440222940,126976440406045,126976441382608,126976441565713,126976444129190,126976445807656,274658,305176,126976453284463,
0,126976455929205,126976455929205,9223372036854775807,0,126976456519326,126976456519326,126976457282266,126976457404336,126976457587442,126976458014688,126976458167276,126976460791788,126976462470255,274658,274658,126976469947061,
0,126976472613354,126976472613354,9223372036854775807,0,126976473151406,126976473181924,126976473700723,126976473883828,126976474066934,126976474524697,126976474707803,126976477362832,126976479102334,274658,366211,126976486518105,
0,126976489299791,126976489299791,9223372036854775807,0,126976489600380,126976489630898,126976492377480,126976492530067,126976493109901,126976493506630,126976495673378,126976498419960,126976500861366,366211,854492,126976507941443,
0,126976505988528,126976505988528,9223372036854775807,0,126976506354529,126976506354529,126976507209022,126976507361609,126976507575232,126976507910926,126976508338172,126976511298377,126976513373572,335693,427246,126976520545203,
0,126976522679552,126976522679552,9223372036854775807,0,126976522986609,126976522986609,126976523535926,126976523657996,126976523841102,126976524207313,126976524573523,126976527533728,126976529639441,335693,396728,126976536719520,
0,126976539368377,126976539368377,9223372036854775807,0,126976539679725,126976539679725,126976540564735,126976540686806,126976540869911,126976541205604,126976541602333,126976544409950,126976546363075,335693,396729,126976553656777,
0,126976556051939,126976556051939,9223372036854775807,0,126976556372841,126976556372841,126976556952675,126976557074745,126976557257851,126976557593544,126976557959755,126976560767373,126976562689980,305176,396728,126976570044717,
0,126976572737813,126976572737813,9223372036854775807,0,126976573035439,126976573035439,126976573859414,126976573981484,126976574164590,126976576636513,126976577155312,126976579901894,126976581702432,335694,305176,126976589057168,
0,126976589425962,126976589425962,9223372036854775807,0,126976589728555,126976589728555,126976590430459,126976590552529,126976590735635,126976619605262,126976619788367,126976623145301,126976625189978,305176,366211,126976632239539,
0,126976606116424,126976606116424,9223372036854775807,0,126976621741492,126976621741492,126976622992713,126976623114783,126976623297889,126976625495154,126976625708777,126976628333289,126976632514198,213623,2990724,126976640692909,
0,126977490580486,126977490580486,126977475000000,126977483000000,126977490821083,126977492285926,126977492285926,126977492377479,126977492591102,126977492926795,126977493170936,126977495887000,126977504889686,305175,366211,126977514807900,
0,126977507268392,126977507268392,126977492000000,126977500000000,126977507544715,126977509986122,126977509986122,126977510138710,126977510932167,126977511328896,126977511573037,126977514685829,126977517096718,396729,335694,126977526923378,
0,126977523962076,126977523962076,126977511000000,126977518962076,126977524329384,126977525885781,126977525885781,126977525977334,126977526587685,126977527045449,126977529151161,126977531958779,126977534003457,335693,366211,126977542609415,
0,126977540511255,126977540511255,126977527000000,126977535000000,126977540900430,126977542762002,126977542762002,126977542853555,126977543036661,126977543463907,126977543891153,126977546637735,126977548468789,305176,366211,126977557105263,
0,126977554527108,126977554527108,126977543000000,126977549527108,126977554846963,126977556983193,126977556983193,126977557105263,126977557685097,126977558264931,126977559241494,126977563086708,126977565345009,671387,427247,126977573859413,
0,126977571171523,126977571171523,9223372036854775807,0,126977572028358,126977572058876,126977573340614,126977573493202,126977573706825,126977574042518,126977574225624,126977577002723,126977578955848,366211,396728,126977587683875,
0,126977587423441,126977587423441,9223372036854775807,0,126977587928015,126977587928015,126977588690955,126977588813025,126977589514929,126977589789587,126977590033729,126977592749793,126977594580848,274658,366211,126977603003700,
0,126977604033117,126977604033117,9223372036854775807,0,126977604895790,126977604895790,126977606085975,126977606269081,126977606452186,126977606757362,126977607001502,126977609656532,126977611396034,244140,274658,126977618903358,
0,126977620665579,126977620665579,9223372036854775807,0,126977621436318,126977621436318,126977622962197,126977623084267,126977623633583,126977624091347,126977624304970,126977627082070,126977628821571,305175,305176,126977636298379,
0,126977637304286,126977637304286,9223372036854775807,0,126977638129433,126977638129433,126977639350136,126977639472206,126977640143594,126977640448770,126977640662393,126977643347940,126977645209512,366211,274658,126977652686319,
0,126977653940254,126977653940254,9223372036854775807,0,126977654761514,126977654761514,126977656684121,126977656806192,126977656989297,126977657294473,126977657508096,126977660803995,126977662512979,305176,305176,126977669989786,
0,126977670586446,126977670586446,9223372036854775807,0,126977671424112,126977671424112,126977672827920,126977673011026,126977673529824,126977673865518,126977674079141,126977676764688,126977678717812,305175,366211,126977686042031,
0,126977687238299,126977687238299,9223372036854775807,0,126977688056191,126977688056191,126977689154824,126977689276894,126977689459999,126977689856728,126977690100868,126977692847450,126977694800575,274659,488281,126977702063758,
0,126977703893988,126977703893988,9223372036854775807,0,126977704688270,126977704688270,126977706061561,126977706183631,126977706763465,126977707068641,126977707282264,126977709784705,126977711524207,305176,274658,126977719062048,
0,126977720548893,126977720548893,9223372036854775807,0,126977721350867,126977721350867,126977722541053,126977722663123,126977722846229,126977723181922,126977723395545,126977726172645,126977727881629,274658,305176,126977735358436,
0,126977737230673,126977737230673,9223372036854775807,0,126977738043983,126977738074500,126977739325721,126977739447791,126977740241249,126977740607460,126977740821083,126977743506630,126977745246132,305176,305176,126977752753456,
0,126977753891883,126977753891883,9223372036854775807,0,126977754767616,126977754767616,126977755835732,126977755957802,126977756140907,126977756476601,126977756690224,126977759467323,126977761237344,274659,274658,126977768744667,
0,126977770552014,126977770552014,9223372036854775807,0,126977771338662,126977771369180,126977771826944,126977772254190,126977772437295,126977772742471,126977772925576,126977775550088,126977777259072,274658,274658,126977784766397,
0,126977787187371,126977787187371,9223372036854775807,0,126977787970742,126977788001260,126977789405068,126977789527139,126977790320596,126977790656289,126977790869912,126977793585976,126977795325478,274658,274658,126977802832802,
0,126977803849821,126977803849821,9223372036854775807,0,126977804724892,126977804755409,126977805213173,126977805640419,126977805823524,126977806159218,126977806311806,126977808997352,126977810767372,274658,305176,126977818213660,
0,126977820516435,126977820516435,9223372036854775807,0,126977821326453,126977821326453,126977822608191,126977822730262,126977823310096,126977823645789,126977823828894,126977826453406,126977828192908,305176,274658,126977835669715,
0,126977837186372,126977837186372,9223372036854775807,0,126977837989051,126977837989051,126977839179236,126977839331824,126977839484412,126977839820105,126977840064247,126977842810829,126977844489296,274658,274658,126977851996620,
0,126977853938074,126977853938074,9223372036854775807,0,126977854743202,126977854743202,126977855292518,126977855750282,126977855902870,126977856238563,126977856391151,126977859015663,126977860755166,274658,305175,126977868201454,
0,126977871063695,126977871063695,9223372036854775807,0,126977871833047,126977871833047,126977873053750,126977873206338,126977873816689,126977874182900,126977874366006,126977877112587,126977879187783,457763,396728,126977886542520,
0,126977887748067,126977887748067,9223372036854775807,0,126977888007363,126977888037881,126977888831338,126977888953408,126977889167031,126977889502724,126977889685830,126977893164835,126977895362100,305176,457763,126977902533730,
0,126977904453562,126977904453562,9223372036854775807,0,126977905310830,126977905310830,126977906928261,126977907080849,126977907263955,126977907569131,126977907752236,126977910468300,126977912177285,274659,305176,126977919684608,
0,126977921141711,126977921141711,9223372036854775807,0,126977921973427,126977921973427,126977923438270,126977923560340,126977924109657,126977924445350,126977924658973,126977927314002,126977929022987,305175,274658,126977936499793,
0,126977937827674,126977937827674,9223372036854775807,0,126977938666541,126977938697058,126977939948279,126977940070349,126977940467079,126977940772254,126977940985878,126977943579872,126977945288856,274658,305176,126977952735145,
0,126977954512873,126977954512873,9223372036854775807,0,126977955329139,126977955329139,126977955970008,126977956427772,126977956641395,126977956946571,126977957129676,126977959845741,126977961524208,274659,274658,126977969031532,
0,126977971200887,126977971200887,9223372036854775807,0,126977971991738,126977971991738,126977972480019,126977972907265,126977973090371,126977973365029,126977973548134,126977976233681,126977977912148,244141,274658,126977985358437,
0,126977987887370,126977987887370,9223372036854775807,0,126977988715371,126977988715371,126977990027626,126977990149698,126977990912637,126977991400918,126977991614541,126977994300088,126977996375283,335694,335693,126978003730019,
0,126978004576107,126978004576107,9223372036854775807,0,126978005469521,126978005469521,126978006079873,126978006568154,126978006812294,126978007147988,126978007361611,126978010474404,126978012671669,335694,305176,126978019812782,
0,126978021260458,126978021260458,9223372036854775807,0,126978021521766,126978021552284,126978022193153,126978022315223,126978022498329,126978023596961,126978023810584,126978026770789,126978028754432,305176,305176,126978036139685,
0,126978037947079,126978037947079,9223372036854775807,0,126978038794714,126978038794714,126978039313513,126978039740759,126978039923865,126978040473182,126978040656287,126978043402869,126978045111854,305176,305175,126978052619178,
0,126978054632377,126978054632377,9223372036854775807,0,126978055426795,126978055426795,126978056372840,126978056494911,126978056739051,126978057044227,126978057196815,126978059851844,126978061530312,274659,274658,126978069007118,
0,126978071319952,126978071319952,9223372036854775807,0,126978072119912,126978072119912,126978073035439,126978073157509,126978073340615,126978073645790,126978073828896,126978076483925,126978078162392,274658,274658,126978085608681,
0,126978088009839,126978088009839,9223372036854775807,0,126978088782509,126978088782509,126978090247354,126978090369424,126978090979776,126978091284951,126978091498574,126978094031533,126978095771035,305176,305176,126978103278360,
0,126978104702012,126978104702012,9223372036854775807,0,126978105536660,126978105536660,126978106604776,126978106787881,126978106970987,126978107276162,126978107489785,126978110175332,126978111884316,274658,274658,126978119361122,
0,126978121385012,126978121385012,9223372036854775807,0,126978122199257,126978122199257,126978122657021,126978123084267,126978123267372,126978123603066,126978123755653,126978126563270,126978128241737,244140,274658,126978135749061,
0,126978138070299,126978138070299,9223372036854775807,0,126978138922889,126978138922889,126978139380653,126978139807899,126978139991004,126978140326697,126978140509803,126978143225867,126978144934851,305176,274659,126978152381141,
0,126978154757886,126978154757886,9223372036854775807,0,126978155616004,126978155616004,126978156104285,126978156623084,126978156897742,126978157263953,126978157477576,126978160193642,126978162055214,305175,366211,126978169440467,
0,126978171445993,126978171445993,9223372036854775807,0,126978171698769,126978171729286,126978172461708,126978172614296,126978172797401,126978173438271,126978173651894,126978176245888,126978178076942,274658,335693,126978185523232,
0,126978188132958,126978188132958,9223372036854775807,0,126978188971718,126978188971718,126978189917763,126978190100869,126978190467080,126978190833291,126978191016396,126978193549355,126978195258340,274659,274658,126978202735147,
0,126978204823508,126978204823508,9223372036854775807,0,126978205451211,126978205451211,126978206763467,126978206885537,126978207526406,126978207862100,126978208106240,126978210944376,126978212897501,335693,305176,126978220374307,
0,126978221508795,126978221508795,9223372036854775807,0,126978221869668,126978221869668,126978222235879,126978222418984,126978222602090,126978222968301,126978223334512,126978226081094,126978227820595,305175,274658,126978235358437,
0,126978238196381,126978238196381,9223372036854775807,0,126978238471229,126978238501747,126978239386757,126978239539345,126978239691933,126978240180214,126978240424354,126978243048866,126978244818885,274658,366211,126978252234656,
0,126978254886268,126978254886268,9223372036854775807,0,126978255194861,126978255194861,126978255591590,126978255713660,126978255866248,126978256385047,126978256720740,126978259375769,126978261298378,274659,305176,126978268531043,
0,126978271571467,126978271571467,9223372036854775807,0,126978271857460,126978271857460,126978272193153,126978272589882,126978272742470,126978273566444,126978273749550,126978276465614,126978278205116,305176,274658,126978285712440,
0,126978288255029,126978288255029,9223372036854775807,0,126978288581093,126978288581093,126978289069374,126978289191444,126978289374550,126978289801796,126978290320595,126978293006142,126978294684609,274659,274658,126978302161416,
0,126978304940902,126978304940902,9223372036854775807,0,126978305274209,126978305274209,126978306128701,126978306250771,126978306433877,126978306983193,126978307196816,126978309882363,126978311804971,488282,274658,126978319312295,
0,126978321629052,126978321629052,9223372036854775807,0,126978321906289,126978321906289,126978322272500,126978322394570,126978322547158,126978323737343,126978323920449,126978326575478,126978328284462,274658,274658,126978335730751,
0,126978338319514,126978338319514,9223372036854775807,0,126978339453895,126978339453895,126978340155799,126978340308387,126978340522010,126978340918739,126978341284950,126978343909461,126978353797156,305176,366211,126978353217322,
0,126978355007763,126978355007763,9223372036854775807,0,126978355536658,126978355536658,126978355933386,126978356055457,126978356238562,126978356696326,126978357062537,126978359717566,126978361457069,274659,305175,126978368933875,
0,126978371690763,126978371690763,9223372036854775807,0,126978372016151,126978372046669,126978372382362,126978372779090,126978372962196,126978373725135,126978373938758,126978376502235,126978378272254,274658,396729,126978385718544,
0,126978388376050,126978388376050,9223372036854775807,0,126978389228065,126978389228065,126978390692910,126978390845498,126978391425332,126978391761025,126978391974648,126978394660195,126978396399696,305176,305176,126978403876504,
0,126978405066476,126978405066476,9223372036854775807,0,126978405371865,126978405371865,126978406958779,126978407172402,126978407355507,126978407691201,126978407874306,126978410865030,126978412879190,305175,366211,126978420142374,
0,126978421753510,126978421753510,9223372036854775807,0,126978422583780,126978422583780,126978423712930,126978423896036,126978424048623,126978424414834,126978424597940,126978427252969,126978428931436,244141,274658,126978436499795,
0,126978438445685,126978438445685,9223372036854775807,0,126978439276894,126978439276894,126978439765175,126978440222939,126978440406044,126978440741738,126978440924843,126978443610390,126978445288857,244141,274659,126978452796180,
0,126978455128684,126978455128684,9223372036854775807,0,126978455939491,126978455939491,126978456427772,126978456824500,126978457007606,126978457373817,126978457556922,126978460242469,126978461920936,244141,274658,126978469428259,
0,126978471814523,126978471814523,9223372036854775807,0,126978472388465,126978472388465,126978472998817,126978473120887,126978473303993,126978473792274,126978474005897,126978476630408,126978478308875,274659,274658,126978485846717,
0,126978488504180,126978488504180,9223372036854775807,0,126978489325721,126978489356239,126978489844520,126978490302284,126978490485390,126978490790566,126978490973671,126978493628700,126978495307167,274659,305176,126978502814492,
0,126978505191444,126978505191444,9223372036854775807,0,126978505957802,126978505957802,126978507025917,126978507147988,126978507392128,126978507666786,126978507880409,126978510596475,126978512366494,335693,305176,126978519873818,
0,126978521879119,126978521879119,9223372036854775807,0,126978522406778,126978522406778,126978522925576,126978523047647,126978523230752,126978523657998,126978523841104,126978526679238,126978528693398,305176,396729,126978535865030,
0,126978538573006,126978538573006,9223372036854775807,0,126978539435586,126978539466104,126978540442666,126978540595254,126978540839395,126978541236123,126978541602334,126978544532021,126978546576699,335693,335693,126978553809365,
0,126978555257730,126978555257730,9223372036854775807,0,126978557227333,126978557257851,126978557807167,126978557929237,126978558142860,126978558509071,126978558875282,126978561743934,126978563666542,335693,305176,126978571082313,
0,126978571946307,126978571946307,9223372036854775807,0,126978572852332,126978572852332,126978573371131,126978573889930,126978574134070,126978574469764,126978574835975,126978577582556,126978579627234,305175,366211,126975720038614,
0,126978588634053,126978588634053,9223372036854775807,0,126978590186317,126978590216835,126978591071327,126978591193397,126978591407020,126978591742714,126978591925819,126978594641884,126978596930702,579834,366211,126975735968789,
0,126978605315784,126978605315784,9223372036854775807,0,126978605628212,126978605628212,126978605994423,126978606391151,126978606574257,126978607123573,126978607550819,126978610358437,126978612189492,305176,335694,126975753180703,
---PROFILEDATA---


View hierarchy:

  works.mees.dinghy/works.mees.dinghy.MainActivity/android.view.ViewRootImpl@262611e
  59 views, 77.84 kB of render nodes


Total ViewRootImpl   : 1
Total attached Views : 59
Total RenderNode     : 77.84 kB (used) / 319.69 kB (capacity)

