Applications Graphics Acceleration Info:
Uptime: 126966356 Realtime: 126966356

** Graphics info for pid 443 [works.mees.dinghy] **

Stats since: 126962229926308ns
Total frames rendered: 143
Janky frames: 6 (4.20%)
50th percentile: 9ms
90th percentile: 13ms
95th percentile: 15ms
99th percentile: 18ms
Number Missed Vsync: 0
Number High input latency: 139
Number Slow UI thread: 1
Number Slow bitmap uploads: 0
Number Slow issue draw commands: 2
Number Frame deadline missed: 3
HISTOGRAM: 5ms=0 6ms=1 7ms=23 8ms=37 9ms=51 10ms=6 11ms=5 12ms=3 13ms=6 14ms=1 15ms=3 16ms=1 17ms=1 18ms=4 19ms=0 20ms=0 21ms=0 22ms=1 23ms=0 24ms=0 25ms=0 26ms=0 27ms=0 28ms=0 29ms=0 30ms=0 31ms=0 32ms=0 34ms=0 36ms=0 38ms=0 40ms=0 42ms=0 44ms=0 46ms=0 48ms=0 53ms=0 57ms=0 61ms=0 65ms=0 69ms=0 73ms=0 77ms=0 81ms=0 85ms=0 89ms=0 93ms=0 97ms=0 101ms=0 105ms=0 109ms=0 113ms=0 117ms=0 121ms=0 125ms=0 129ms=0 133ms=0 150ms=0 200ms=0 250ms=0 300ms=0 350ms=0 400ms=0 450ms=0 500ms=0 550ms=0 600ms=0 650ms=0 700ms=0 750ms=0 800ms=0 850ms=0 900ms=0 950ms=0 1000ms=0 1050ms=0 1100ms=0 1150ms=0 1200ms=0 1250ms=0 1300ms=0 1350ms=0 1400ms=0 1450ms=0 1500ms=0 1550ms=0 1600ms=0 1650ms=0 1700ms=0 1750ms=0 1800ms=0 1850ms=0 1900ms=0 1950ms=0 2000ms=0 2050ms=0 2100ms=0 2150ms=0 2200ms=0 2250ms=0 2300ms=0 2350ms=0 2400ms=0 2450ms=0 2500ms=0 2550ms=0 2600ms=0 2650ms=0 2700ms=0 2750ms=0 2800ms=0 2850ms=0 2900ms=0 2950ms=0 3000ms=0 3050ms=0 3100ms=0 3150ms=0 3200ms=0 3250ms=0 3300ms=0 3350ms=0 3400ms=0 3450ms=0 3500ms=0 3550ms=0 3600ms=0 3650ms=0 3700ms=0 3750ms=0 3800ms=0 3850ms=0 3900ms=0 3950ms=0 4000ms=0 4050ms=0 4100ms=0 4150ms=0 4200ms=0 4250ms=0 4300ms=0 4350ms=0 4400ms=0 4450ms=0 4500ms=0 4550ms=0 4600ms=0 4650ms=0 4700ms=0 4750ms=0 4800ms=0 4850ms=0 4900ms=0 4950ms=0
50th gpu percentile: 19ms
90th gpu percentile: 21ms
95th gpu percentile: 21ms
99th gpu percentile: 22ms
GPU HISTOGRAM: 1ms=0 2ms=0 3ms=0 4ms=0 5ms=0 6ms=0 7ms=0 8ms=0 9ms=0 10ms=1 11ms=5 12ms=6 13ms=2 14ms=0 15ms=4 16ms=3 17ms=3 18ms=18 19ms=40 20ms=29 21ms=26 22ms=5 23ms=0 24ms=0 25ms=0 4950ms=1
Font Cache (CPU):
  Size: 329.29 kB 
  Glyph Count: 68 
CPU Caches:
GPU Caches:
  Other:
    Other: 28.36 KB (1 entry)
    Buffer Object: 2.05 KB (2 entries)
  Image:
    Texture: 0.00 bytes (41 entries)
  Scratch:
    Texture: 4.26 MB (2 entries)
    Buffer Object: 48.00 KB (1 entry)
Other Caches:
                         Current / Maximum
  Layers Total           0.00 KB (numLayers = 0)
Total GPU memory usage:
  4550392 bytes, 4.34 MB (271.39 KB is purgeable)


Pipeline=Skia (OpenGL)
Profile data in ms:

	works.mees.dinghy/works.mees.dinghy.MainActivity/android.view.ViewRootImpl@262611e (visibility=0)
Window: works.mees.dinghy/works.mees.dinghy.MainActivity
Stats since: 126962229926308ns
Total frames rendered: 143
Janky frames: 6 (4.20%)
50th percentile: 9ms
90th percentile: 13ms
95th percentile: 15ms
99th percentile: 18ms
Number Missed Vsync: 0
Number High input latency: 139
Number Slow UI thread: 1
Number Slow bitmap uploads: 0
Number Slow issue draw commands: 2
Number Frame deadline missed: 3
HISTOGRAM: 5ms=0 6ms=1 7ms=23 8ms=37 9ms=51 10ms=6 11ms=5 12ms=3 13ms=6 14ms=1 15ms=3 16ms=1 17ms=1 18ms=4 19ms=0 20ms=0 21ms=0 22ms=1 23ms=0 24ms=0 25ms=0 26ms=0 27ms=0 28ms=0 29ms=0 30ms=0 31ms=0 32ms=0 34ms=0 36ms=0 38ms=0 40ms=0 42ms=0 44ms=0 46ms=0 48ms=0 53ms=0 57ms=0 61ms=0 65ms=0 69ms=0 73ms=0 77ms=0 81ms=0 85ms=0 89ms=0 93ms=0 97ms=0 101ms=0 105ms=0 109ms=0 113ms=0 117ms=0 121ms=0 125ms=0 129ms=0 133ms=0 150ms=0 200ms=0 250ms=0 300ms=0 350ms=0 400ms=0 450ms=0 500ms=0 550ms=0 600ms=0 650ms=0 700ms=0 750ms=0 800ms=0 850ms=0 900ms=0 950ms=0 1000ms=0 1050ms=0 1100ms=0 1150ms=0 1200ms=0 1250ms=0 1300ms=0 1350ms=0 1400ms=0 1450ms=0 1500ms=0 1550ms=0 1600ms=0 1650ms=0 1700ms=0 1750ms=0 1800ms=0 1850ms=0 1900ms=0 1950ms=0 2000ms=0 2050ms=0 2100ms=0 2150ms=0 2200ms=0 2250ms=0 2300ms=0 2350ms=0 2400ms=0 2450ms=0 2500ms=0 2550ms=0 2600ms=0 2650ms=0 2700ms=0 2750ms=0 2800ms=0 2850ms=0 2900ms=0 2950ms=0 3000ms=0 3050ms=0 3100ms=0 3150ms=0 3200ms=0 3250ms=0 3300ms=0 3350ms=0 3400ms=0 3450ms=0 3500ms=0 3550ms=0 3600ms=0 3650ms=0 3700ms=0 3750ms=0 3800ms=0 3850ms=0 3900ms=0 3950ms=0 4000ms=0 4050ms=0 4100ms=0 4150ms=0 4200ms=0 4250ms=0 4300ms=0 4350ms=0 4400ms=0 4450ms=0 4500ms=0 4550ms=0 4600ms=0 4650ms=0 4700ms=0 4750ms=0 4800ms=0 4850ms=0 4900ms=0 4950ms=0
50th gpu percentile: 19ms
90th gpu percentile: 21ms
95th gpu percentile: 21ms
99th gpu percentile: 22ms
GPU HISTOGRAM: 1ms=0 2ms=0 3ms=0 4ms=0 5ms=0 6ms=0 7ms=0 8ms=0 9ms=0 10ms=1 11ms=5 12ms=6 13ms=2 14ms=0 15ms=4 16ms=3 17ms=3 18ms=18 19ms=40 20ms=29 21ms=26 22ms=5 23ms=0 24ms=0 25ms=0 4950ms=1


---PROFILEDATA---
Flags,IntendedVsync,Vsync,OldestInputEvent,NewestInputEvent,HandleInputStart,AnimationStart,PerformTraversalsStart,DrawStart,SyncQueued,SyncStart,IssueDrawCommandsStart,SwapBuffers,FrameCompleted,DequeueBufferDuration,QueueBufferDuration,GpuCompleted,
0,126963491736610,126963491736610,9223372036854775807,0,126963491950233,126963491950233,126963494147499,126963494391639,126963494727333,126963495307167,126963495520790,126963498389442,126963501898964,335694,1922608,126963518256386,
0,126963508258777,126963508258777,9223372036854775807,0,126963508582313,126963508612831,126963510901650,126963511115273,126963512122353,126963512488564,126963512732705,126963515967568,126963518622597,335693,1098633,126963534857949,
0,126963525114072,126963525114072,9223372036854775807,0,126963525428017,126963525428017,126963527014931,126963527259072,126963527564248,126963527869423,126963528052529,126963531439981,126963535132608,366211,2227783,126963551306923,
0,126963542024341,126963542024341,9223372036854775807,0,126963543219765,126963543219765,126963545172890,126963545417031,126963545783242,126963546210488,126963546424111,126963549414833,126963551581581,335694,640869,126963567969520,
0,126963559302528,126963559302528,9223372036854775807,0,126963559516151,126963559516151,126963562201698,126963562445838,126963563147742,126963563574989,126963563788612,126963566779334,126963568793494,427246,305176,126963584723670,
0,126963576428159,126963576428159,9223372036854775807,0,126963576880652,126963576911169,126963579230505,126963579505163,126963579810339,126963580298621,126963580573280,126963583808143,126963585791785,335693,335693,126963600897987,
0,126963593115537,126963593115537,9223372036854775807,0,126963593451698,126963593451698,126963595557410,126963595771033,126963596045692,126963596411903,126963596595008,126963599463660,126963601203163,274658,305176,126963617499550,
0,126963609800161,126963609800161,9223372036854775807,0,126963610144814,126963610144814,126963611548622,126963611731728,126963612067421,126963612403115,126963612616738,126963615332802,126963617774208,305176,1129151,126963634253701,
0,126963626487659,126963626487659,9223372036854775807,0,126963627356728,126963627356728,126963629584511,126963629798134,126963630500039,126963630835733,126963631049356,126963633826455,126963635596474,305176,305176,126963650977335,
0,126963643161661,126963643161661,9223372036854775807,0,126963643500528,126963643500528,126963645392617,126963645575723,126963645880899,126963646216592,126963646460733,126963649543008,126963651343546,274658,335693,126963667639931,
0,126963659848305,126963659848305,9223372036854775807,0,126963660224160,126963660224160,126963661658486,126963661841592,126963662177285,126963662604531,126963662818154,126963665991982,126963667975625,335693,366211,126963684272010,
0,126963676529145,126963676529145,9223372036854775807,0,126963676856239,126963676886757,126963678382118,126963678626259,126963678931435,126963679297646,126963679511269,126963682685097,126963684546669,335693,518798,126963700904090,
0,126963693215353,126963693215353,9223372036854775807,0,126963694129188,126963694129188,126963695777137,126963695990760,126963696265418,126963696570594,126963696753699,126963699530799,126963701575476,274658,305176,126963717719275,
0,126963709893677,126963709893677,9223372036854775807,0,126963710211951,126963710242469,126963712287146,126963712531287,126963713721473,126963714087683,126963714301307,126963717108924,126963718848425,305175,366211,126963734320839,
0,126963726581826,126963726581826,9223372036854775807,0,126963727515418,126963727515418,126963729163367,126963729346473,126963729621131,126963730078895,126963730323036,126963733313758,126963734961708,305175,305175,126963751197060,
0,126963743260812,126963743260812,9223372036854775807,0,126963743567665,126963743567665,126963745154579,126963745490272,126963745764931,126963746100624,126963746436317,126963749579628,126963751471718,335694,427246,126963767768105,
0,126963759946586,126963759946586,9223372036854775807,0,126963760321816,126963760321816,126963761817178,126963762183389,126963762488564,126963762824258,126963762976846,126963766120156,126963768042763,335694,549316,126963784339150,
0,126963776623747,126963776623747,9223372036854775807,0,126963777594766,126963777594766,126963779700478,126963779944619,126963780249795,126963780585488,126963780799111,126963783820351,126963785437783,274658,274658,126963801032264,
0,126963793302895,126963793302895,9223372036854775807,0,126963793616493,126963793647011,126963795142372,126963795386513,126963795661171,126963795996864,126963796210487,126963799384315,126963801276405,305176,518798,126963817694861,
0,126963809986694,126963809986694,9223372036854775807,0,126963810340125,126963810340125,126963811377722,126963811591345,126963811866004,126963812201697,126963812415320,126963815192419,126963817969519,274658,1495362,126963834540565,
0,126963826681465,126963826681465,9223372036854775807,0,126963827582556,126963827582556,126963830207069,126963830451210,126963831458290,126963831855018,126963832068641,126963834845741,126963836615760,305176,305176,126963851233681,
0,126963843361628,126963843361628,9223372036854775807,0,126963843695839,126963843695839,126963844855507,126963845069130,126963845343788,126963845771034,126963846015174,126963849036415,126963851508339,305175,1007080,126963867865761,
0,126963860046023,126963860046023,9223372036854775807,0,126963860327920,126963860327920,126963861701211,126963861884316,126963862158974,126963862494668,126963862708291,126963865760048,126963868201454,335694,976562,126963884650430,
0,126963876733129,126963876733129,9223372036854775807,0,126963877631386,126963877661904,126963879767617,126963879981240,126963880316934,126963880713663,126963880957803,126963883734903,126963885352334,335694,305176,126963901160440,
0,126963893424594,126963893424594,9223372036854775807,0,126963894293985,126963894293985,126963895911417,126963896094522,126963896369180,126963896704874,126963896857461,126963899695596,126963901526651,366211,305176,126963917823036,
0,126963910109953,126963910109953,9223372036854775807,0,126963911048134,126963911078652,126963912482460,126963912726601,126963913031777,126963913336953,126963913520058,126963916266640,126963918067177,305176,488282,126963934668738,
0,126963926793439,126963926793439,9223372036854775807,0,126963927649696,126963927680213,126963929022987,126963929267127,126963929511268,126963929877479,126963930518348,126963933264930,126963934943397,274658,335694,126963951148231,
0,126963943479775,126963943479775,9223372036854775807,0,126963944342810,126963944342810,126963945716101,126963945929724,126963946173865,126963946509558,126963946723181,126963949469763,126963951422889,274658,549317,126963967841346,
0,126963960168998,126963960168998,9223372036854775807,0,126963961035926,126963961035926,126963962439735,126963962683875,126963962958534,126963963294227,126963963477332,126963966193397,126963968085486,274658,610351,126963984595497,
0,126963976849609,126963976849609,9223372036854775807,0,126963977729041,126963977729041,126963979132850,126963979376991,126963979621131,126963979987342,126963980689247,126963983741005,126963985541542,335693,305176,126964001349648,
0,126963993533082,126963993533082,9223372036854775807,0,126963994422158,126963994422158,126963996100624,126963996375282,126963996833046,126963997229775,126963998816689,126964001624307,126964003180703,274658,274659,126964017951211,
0,126964010219430,126964010219430,9223372036854775807,0,126964011084756,126964011115274,126964012641153,126964012854776,126964013129434,126964013465127,126964013648233,126964016333779,126964018225869,274659,549316,126964034583290,
0,126964026908641,126964026908641,9223372036854775807,0,126964027777870,126964027777870,126964029120644,126964029303749,126964029578407,126964029914101,126964030554970,126964033240517,126964034857948,274658,335694,126964051459510,
0,126964043596228,126964043596228,9223372036854775807,0,126964044470985,126964044470985,126964046668250,126964046881873,126964047553260,126964047980506,126964050116736,126964057166296,126964058936316,305176,305175,126964068061072,
0,126964060290213,126964060290213,9223372036854775807,0,126964061164100,126964061164100,126964062537391,126964062751014,126964062995154,126964063361365,126964063574988,126964066321570,126964068335730,305176,671387,126964085578163,
0,126964076976375,126964076976375,9223372036854775807,0,126964077826697,126964077826697,126964079291541,126964079535682,126964079810340,126964080298622,126964080481728,126964083197792,126964085852821,366211,793457,126964101447304,
0,126964093665620,126964093665620,9223372036854775807,0,126964094611366,126964094611366,126964096869667,126964097113808,126964097418983,126964097785194,126964098029335,126964100745400,126964102637490,335694,305176,126964118109902,
0,126964110352035,126964110352035,9223372036854775807,0,126964110816201,126964110816201,126964111945352,126964112158975,126964112555703,126964113043984,126964113288125,126964116187295,126964118384560,274658,885009,126964134772501,
0,126964127033418,126964127033418,9223372036854775807,0,126964127387246,126964127387246,126964128638467,126964128852090,126964129187783,126964129492959,126964129676064,126964133490762,126964135382852,305175,305175,126964151557168,
0,126964143719557,126964143719557,9223372036854775807,0,126964144599160,126964144599160,126964145850381,126964146094521,126964146369180,126964146674355,126964146857461,126964149573525,126964151831826,305175,885010,126964168128211,
0,126964160407630,126964160407630,9223372036854775807,0,126964160803993,126964160803993,126964161841591,126964162055214,126964162360390,126964162726600,126964162940223,126964165564735,126964168585975,335694,1495361,126964184943396,
0,126964177094066,126964177094066,9223372036854775807,0,126964178046424,126964178046424,126964179877478,126964180426795,126964180670935,126964181037146,126964181647498,126964185248572,126964187232214,305176,305176,126964201667030,
0,126964193781058,126964193781058,9223372036854775807,0,126964194831092,126964194831092,126964196143347,126964196356970,126964196601111,126964196997840,126964197211463,126964200324256,126964202857215,366211,305176,126964218299110,
0,126964210467427,126964210467427,9223372036854775807,0,126964211493690,126964211493690,126964212958534,126964213202675,126964213477333,126964213874061,126964214057167,126964216986854,126964219367225,976563,305176,126964235205849,
0,126964227154338,126964227154338,9223372036854775807,0,126964228217323,126964228217323,126964229712684,126964229987342,126964230567177,126964230963906,126964231208047,126964234076699,126964236579140,1129151,305176,126964259680947,
0,126964243839636,126964243839636,9223372036854775807,0,126964244849404,126964244879922,126964246314248,126964246588906,126964246863564,126964247229775,126964247412880,126964250281534,126964260108193,732422,7904052,126964268317421,
0,126964260527223,126964260527223,9223372036854775807,0,126964261542519,126964261573037,126964262824257,126964263068398,126964263282021,126964263678750,126964263892373,126964266730507,126964269232948,335693,305176,126964286322791,
0,126964277217098,126964277217098,9223372036854775807,0,126964278205116,126964278205116,126964278693397,126964278784950,126964279059608,126964303992469,126964304175574,126964307227332,126964309119422,427246,305176,126964316474158,
0,126964294174199,126964294174199,9223372036854775807,0,126964304419715,126964304419715,126964305030066,126964305243689,126964305457312,126964309424597,126964309607703,126964313513954,126964316779334,274658,1922607,126964325202186,
0,126965179077182,126965179077182,126965164000000,126965164000000,126965179297645,126965182074744,126965182074744,126965182227332,126965182807166,126965183203895,126965183387000,126965186072547,126965198279578,305176,701905,126965206183632,
0,126965195775528,126965195775528,126965182000000,126965190000000,126965196387489,126965198981483,126965198981483,126965199134070,126965199347694,126965199713904,126965199988563,126965203559120,126965208075721,274658,885010,126965215949257,
0,126965212473874,126965212473874,126965199000000,126965207000000,126965213355263,126965217566689,126965217566689,126965217688759,126965218268593,126965218726356,126965218970497,126965221930703,126965224280556,488281,366211,126965233344277,
0,126965229044297,126965229044297,126965217000000,126965224044297,126965229560097,126965233252725,126965233252725,126965233405313,126965233985146,126965234351357,126965240149698,126965242896280,126965244818887,305176,305176,126965257666788,
0,126965245629199,126965245629199,9223372036854775807,0,126965246710977,126965246741494,126965248816690,126965249030313,126965249274453,126965249793252,126965250373087,126965253028116,126965258277139,305175,335693,126965267859658,
0,126965261259288,126965261259288,9223372036854775807,0,126965262152871,126965262152871,126965264075479,126965264319619,126965264929971,126965265296182,126965269293984,126965272193154,126965274909218,701905,915527,126965284705360,
0,126965276625193,126965276625193,9223372036854775807,0,126965277350624,126965277350624,126965278479775,126965278693398,126965288733680,126965289130409,126965289374549,126965292700965,126965295325477,946045,366211,126965304114539,
0,126965292779936,126965292779936,9223372036854775807,0,126965293036658,126965293067176,126965294501502,126965294745643,126965295386512,126965295722205,126965295935828,126965299018103,126965304450232,335693,3906250,126965317664344,
0,126965309430016,126965309430016,9223372036854775807,0,126965310401160,126965310401160,126965312049109,126965312232215,126965312476356,126965312873084,126965313086707,126965316230017,126965317939002,305175,396728,126965334418495,
0,126965325642774,126965325642774,9223372036854775807,0,126965325965125,126965325965125,126965327979285,126965328162391,126965328803260,126965329199988,126965329413611,126965333564003,126965335334022,335693,335693,126965351081093,
0,126965342188573,126965342188573,9223372036854775807,0,126965343085487,126965343085487,126965345252235,126965345496376,126965345740517,126965346167763,126965346350868,126965349189003,126965351386269,335694,518798,126965367896279,
0,126965358829302,126965358829302,9223372036854775807,0,126965359137734,126965359168251,126965361029824,126965361273965,126965362311562,126965362738809,126965363135537,126965366400918,126965368170937,366211,305176,126965384345254,
0,126965375407365,126965375407365,9223372036854775807,0,126965375678262,126965375678262,126965376288613,126965376502236,126965376746377,126965377478799,126965377631387,126965380774697,126965384619912,244141,2502441,126965401129920,
0,126965392001875,126965392001875,9223372036854775807,0,126965392859657,126965392859657,126965394904335,126965395117958,126965395728309,126965396064003,126965396338661,126965399573524,126965401374061,335694,366211,126965417700964,
0,126965408612508,126965408612508,9223372036854775807,0,126965408942420,126965408942420,126965409796912,126965410224158,126965410529334,126965410926062,126965411109168,126965414191443,126965417914587,274658,2410888,126965434577186,
0,126965425233219,126965425233219,9223372036854775807,0,126965426093299,126965426093299,126965428168494,126965428382117,126965429358679,126965429755408,126965429999549,126965434027870,126965436347205,610351,396728,126965451392372,
0,126965441857606,126965441857606,9223372036854775807,0,126965442176063,126965442176063,126965442847450,126965443061073,126965443335731,126965443762977,126965444373329,126965447364051,126965451728066,335693,2899171,126965468238076,
0,126965458493615,126965458493615,9223372036854775807,0,126965458808144,126965458838661,126965460150918,126965460334023,126965461035928,126965461432656,126965461707314,126965465399941,126965468726357,518798,1312255,126965484717569,
0,126965475127862,126965475127862,9223372036854775807,0,126965475409707,126965475409707,126965476538857,126965476752480,126965476996621,126965477484902,126965477759560,126965481208047,126965485053262,305175,2410888,126965501197061,
0,126965491765341,126965491765341,9223372036854775807,0,126965492072306,126965492072306,126965492743692,126965492957315,126965493201456,126965493628702,126965493811807,126965496649942,126965501502237,335693,3417969,126965517951210,
0,126965508450004,126965508450004,9223372036854775807,0,126965509314736,126965509314736,126965511084756,126965511267861,126965512335976,126965512732705,126965512976845,126965516150673,126965518286904,335694,610351,126965534766395,
0,126965525099918,126965525099918,9223372036854775807,0,126965525366981,126965525366981,126965526557167,126965526740272,126965526984413,126965527350624,126965527594764,126965532782752,126965535315711,854493,427246,126965551276404,
0,126965541751704,126965541751704,9223372036854775807,0,126965542060095,126965542060095,126965542762000,126965543067175,126965543372351,126965543708045,126965543891150,126965546851355,126965551520545,305176,3356935,126965567969520,
0,126965558429679,126965558429679,9223372036854775807,0,126965559302527,126965559302527,126965561255653,126965561469276,126965562415321,126965562812049,126965562995155,126965566199500,126965568244178,366210,396729,126965584632118,
0,126965575173069,126965575173069,9223372036854775807,0,126965576117714,126965576117714,126965578040321,126965578223426,126965578437049,126965578833778,126965579047401,126965582190712,126965584937294,274659,1434326,126965601294717,
0,126965591818182,126965591818182,9223372036854775807,0,126965592169961,126965592169961,126965594123085,126965594397744,126965594611367,126965595008095,126965595191201,126965598090370,126965601569375,274658,2166749,126965618109902,
0,126965608839003,126965608839003,9223372036854775807,0,126965609748085,126965609748085,126965611640176,126965611853799,126965612464151,126965612799844,126965613013467,126965615821084,126965618598184,366211,1190185,126965634772499,
0,126965625543823,126965625543823,9223372036854775807,0,126965625891884,126965625891884,126965627448281,126965627692421,126965627906044,126965628272255,126965628455361,126965632025917,126965635169227,335694,1556396,126965651496131,
0,126965642240882,126965642240882,9223372036854775807,0,126965643439491,126965643439491,126965644690711,126965644904334,126965645117957,126965645484168,126965645667274,126965648810584,126965651801307,305176,1495362,126965667975623,
0,126965658921493,126965658921493,9223372036854775807,0,126965659247595,126965659247595,126965660193641,126965660376746,126965660651405,126965661048133,126965661231239,126965664069373,126965668219764,274659,2838134,126965684821327,
0,126965675605910,126965675605910,9223372036854775807,0,126965676184852,126965676184852,126965677405555,126965677588660,126965678534705,126965678900916,126965679145057,126965682318886,126965685218055,305176,1373291,126965701850137,
0,126965692291315,126965692291315,9223372036854775807,0,126965692603310,126965692603310,126965693549355,126965693762978,126965694037636,126965694739540,126965694953163,126965698920448,126965702155312,366211,1373291,126965718054970,
0,126965708980525,126965708980525,9223372036854775807,0,126965709296425,126965709296425,126965710517129,126965710730752,126965710913858,126965711341104,126965711554727,126965714606484,126965718360146,366210,2075195,126965734992227,
0,126965725668112,126965725668112,9223372036854775807,0,126965726264199,126965726264199,126965727179727,126965727393350,126965727576455,126965728003701,126965728186807,126965731787882,126965735266885,396728,1708984,126965751380166,
0,126965742351023,126965742351023,9223372036854775807,0,126965742682656,126965742682656,126965743445596,126965743659219,126965743842324,126965744483193,126965744666299,126965747504434,126965751654824,305175,2777099,126965768103797,
0,126965759036796,126965759036796,9223372036854775807,0,126965759345253,126965759345253,126965760443886,126965760626991,126965760840614,126965761176308,126965761328896,126965763892372,126965768378456,305175,3173828,126965784918982,
0,126965775725432,126965775725432,9223372036854775807,0,126965776587684,126965776587684,126965778174598,126965778388221,126965779303748,126965779639441,126965779822547,126965783881384,126965786048132,640869,335693,126965801642616,
0,126965792412443,126965792412443,9223372036854775807,0,126965792975623,126965792975623,126965794318396,126965794776160,126965795172889,126965795508582,126965795722205,126965799170691,126965802130897,305176,1281738,126965818152626,
0,126965809094435,126965809094435,9223372036854775807,0,126965809424598,126965809424598,126965810095985,126965810279091,126965810492714,126965811286171,126965811438759,126965814093788,126965818427284,305176,2990723,126965834906776,
0,126965825779978,126965825779978,9223372036854775807,0,126965826636513,126965826636513,126965827643593,126965827826698,126965828040321,126965828376015,126965828559120,126965832526405,126965835181434,335693,1312256,126965851660927,
0,126965842468039,126965842468039,9223372036854775807,0,126965843360145,126965843360145,126965845587929,126965845771034,126965846015175,126965846381386,126965846595009,126965849646766,126965852149208,518800,701904,126965868170937,
0,126965859158975,126965859158975,9223372036854775807,0,126965859503944,126965859503944,126965861121377,126965861335000,126965861518105,126965861884316,126965862067422,126965864783486,126965868445595,305176,2349854,126965884864053,
0,126965875846609,126965875846609,9223372036854775807,0,126965876746377,126965876746377,126965877875527,126965878058633,126965878241738,126965878607949,126965878791054,126965882392129,126965885108194,305176,1434326,126965901740274,
0,126965892532909,126965892532909,9223372036854775807,0,126965892890177,126965892920694,126965894385538,126965894568643,126965895514688,126965895850382,126965896094522,126965898871622,126965902289590,366211,1678466,126965918433388,
0,126965909220408,126965909220408,9223372036854775807,0,126965909583291,126965909583291,126965910224160,126965910407265,126965910651406,126965911048134,126965911322793,126965914618691,126965918738564,366211,2624512,126965935065467,
0,126965925906270,126965925906270,9223372036854775807,0,126965926856239,126965926856239,126965927893837,126965928107460,126965928321083,126965928687294,126965928900917,126965932227332,126965935340125,305175,1770020,126965951758582,
0,126965942594432,126965942594432,9223372036854775807,0,126965943122107,126965943122107,126965944129187,126965944312293,126965944495398,126965944831091,126965945044714,126965947730261,126965952033240,274658,2777101,126965968360145,
0,126965959284880,126965959284880,9223372036854775807,0,126965960181434,126965960181434,126965960761268,126965960944374,126965961157997,126965961524208,126965961707313,126965964392860,126965968634803,305176,2929688,126965985083778,
0,126965975970654,126965975970654,9223372036854775807,0,126965976294715,126965976294715,126965977057655,126965977668006,126965977881629,126965978278358,126965978461463,126965982001503,126965985358437,305176,1983643,126966001746377,
0,126965992654791,126965992654791,9223372036854775807,0,126965993231972,126965993231972,126965993872841,126965994055947,126965994239052,126965994605263,126965994818886,126965997748574,126966002051553,305175,2807618,126966018439492,
0,126966009341228,126966009341228,9223372036854775807,0,126966009680947,126966009680947,126966010291299,126966010474405,126966011084756,126966011450967,126966011634073,126966014716348,126966018714150,305176,2624512,126966035041054,
0,126966026029964,126966026029964,9223372036854775807,0,126966026343544,126966026343544,126966026953896,126966027106484,126966027350624,126966027716835,126966027899941,126966031348427,126966035315712,335693,2624512,126966051703650,
0,126966042714012,126966042714012,9223372036854775807,0,126966043616493,126966043616493,126966044562537,126966044806678,126966044989784,126966045386512,126966045569617,126966048987586,126966051978308,335694,1586914,126966068549353,
0,126966059400936,126966059400936,9223372036854775807,0,126966060309608,126966060309608,126966060950477,126966061499793,126966061713416,126966062018592,126966062201698,126966065131385,126966068793494,366211,2288819,126966085181433,
0,126966076087280,126966076087280,9223372036854775807,0,126966076453407,126966076453407,126966077033241,126966077216346,126966077429969,126966077826698,126966078009803,126966081275184,126966085456092,305176,2807617,126966101874550,
0,126966092773809,126966092773809,9223372036854775807,0,126966093634803,126966093665321,126966095587928,126966095801551,126966095984656,126966096564490,126966096778113,126966099738318,126966102210243,488282,885010,126966118659218,
0,126966109463696,126966109463696,9223372036854775807,0,126966109778602,126966109778602,126966111334999,126966111579140,126966112189491,126966112555702,126966112769325,126966115607460,126966120063027,366211,518799,126966135260781,
0,126966126155870,126966126155870,9223372036854775807,0,126966126471718,126966126471718,126966127051552,126966127204140,126966127448280,126966127845009,126966128058632,126966131171426,126966135565957,305176,2990723,126966151923379,
0,126966142838869,126966142838869,9223372036854775807,0,126966143164834,126966143164834,126966143744668,126966143927774,126966144141397,126966144507608,126966144690713,126966147620400,126966152167519,305176,3265381,126966168647010,
0,126966159524156,126966159524156,9223372036854775807,0,126966159857948,126966159857948,126966160468300,126966160681923,126966160926064,126966161505898,126966161841591,126966164405067,126966168921669,305176,3204346,126966185370642,
0,126966176214629,126966176214629,9223372036854775807,0,126966176520545,126966176520545,126966177130897,126966177283484,126966177527625,126966178168494,126966178382117,126966184424597,126966186072546,305176,244141,126966201972206,
0,126966192901617,126966192901617,9223372036854775807,0,126966194190223,126966194190223,126966195166785,126966195349891,126966195594031,126966195899207,126966196112830,126966198859412,126966202246864,305176,1800537,126966218634803,
0,126966209583699,126966209583699,9223372036854775807,0,126966209906775,126966209937293,126966211310585,126966211463173,126966211707313,126966212012489,126966212256630,126966215125282,126966218909461,305175,2441407,126966235541542,
0,126966226270389,126966226270389,9223372036854775807,0,126966226599892,126966226599892,126966227393349,126966227576454,126966227790077,126966228247841,126966228766640,126966231696328,126966235846718,366211,2563476,126966252143106,
0,126966242956251,126966242956251,9223372036854775807,0,126966243933877,126966243933877,126966245368203,126966245612344,126966245825967,126966246222695,126966246466836,126966249396523,126966252448282,396728,1434326,126966268988808,
0,126966259637437,126966259637437,9223372036854775807,0,126966260565957,126966260596475,126966261542519,126966264014443,126966264319619,126966265082558,126966265296181,126966268286904,126966270117958,366211,305176,126966285498817,
0,126966276348314,126966276348314,9223372036854775807,0,126966276923378,126966276953895,126966277533729,126966278113563,126966278327186,126966278723915,126966278907020,126966281684120,126966285865028,549317,2502441,126966303168494,
0,126966293036312,126966293036312,9223372036854775807,0,126966294104773,126966294104773,126966294898230,126966296149451,126966296332556,126966296729285,126966296942908,126966299720007,126966303443153,427247,2136231,126966318762977,
0,126966309719312,126966309719312,9223372036854775807,0,126966310706337,126966310706337,126966311652382,126966311896522,126966312110145,126966312476356,126966312659462,126966315467079,126966319037635,396729,2014160,126963467658240,
0,126966326404598,126966326404598,9223372036854775807,0,126966327368934,126966327399452,126966329230506,126966329444129,126966329627235,126966329993446,126966330237587,126966335639198,126966338050087,366211,427246,126963486243445,
0,126966343092185,126966343092185,9223372036854775807,0,126966344062050,126966344062050,126966346106728,126966346320351,126966346564492,126966346930703,126966347174843,126966349860390,126966352606973,396730,1190186,126963501624306,
---PROFILEDATA---


View hierarchy:

  works.mees.dinghy/works.mees.dinghy.MainActivity/android.view.ViewRootImpl@262611e
  59 views, 77.27 kB of render nodes


Total ViewRootImpl   : 1
Total attached Views : 59
Total RenderNode     : 77.27 kB (used) / 311.18 kB (capacity)

