Applications Graphics Acceleration Info:
Uptime: 126976569 Realtime: 126976569

** Graphics info for pid 443 [works.mees.dinghy] **

Stats since: 126962229926308ns
Total frames rendered: 495
Janky frames: 19 (3.84%)
50th percentile: 8ms
90th percentile: 11ms
95th percentile: 15ms
99th percentile: 22ms
Number Missed Vsync: 1
Number High input latency: 478
Number Slow UI thread: 1
Number Slow bitmap uploads: 1
Number Slow issue draw commands: 4
Number Frame deadline missed: 7
HISTOGRAM: 5ms=4 6ms=44 7ms=124 8ms=127 9ms=119 10ms=15 11ms=13 12ms=7 13ms=9 14ms=5 15ms=6 16ms=3 17ms=1 18ms=7 19ms=2 20ms=2 21ms=2 22ms=1 23ms=1 24ms=0 25ms=1 26ms=2 27ms=0 28ms=0 29ms=0 30ms=0 31ms=0 32ms=0 34ms=0 36ms=0 38ms=0 40ms=0 42ms=0 44ms=0 46ms=0 48ms=0 53ms=0 57ms=0 61ms=0 65ms=0 69ms=0 73ms=0 77ms=0 81ms=0 85ms=0 89ms=0 93ms=0 97ms=0 101ms=0 105ms=0 109ms=0 113ms=0 117ms=0 121ms=0 125ms=0 129ms=0 133ms=0 150ms=0 200ms=0 250ms=0 300ms=0 350ms=0 400ms=0 450ms=0 500ms=0 550ms=0 600ms=0 650ms=0 700ms=0 750ms=0 800ms=0 850ms=0 900ms=0 950ms=0 1000ms=0 1050ms=0 1100ms=0 1150ms=0 1200ms=0 1250ms=0 1300ms=0 1350ms=0 1400ms=0 1450ms=0 1500ms=0 1550ms=0 1600ms=0 1650ms=0 1700ms=0 1750ms=0 1800ms=0 1850ms=0 1900ms=0 1950ms=0 2000ms=0 2050ms=0 2100ms=0 2150ms=0 2200ms=0 2250ms=0 2300ms=0 2350ms=0 2400ms=0 2450ms=0 2500ms=0 2550ms=0 2600ms=0 2650ms=0 2700ms=0 2750ms=0 2800ms=0 2850ms=0 2900ms=0 2950ms=0 3000ms=0 3050ms=0 3100ms=0 3150ms=0 3200ms=0 3250ms=0 3300ms=0 3350ms=0 3400ms=0 3450ms=0 3500ms=0 3550ms=0 3600ms=0 3650ms=0 3700ms=0 3750ms=0 3800ms=0 3850ms=0 3900ms=0 3950ms=0 4000ms=0 4050ms=0 4100ms=0 4150ms=0 4200ms=0 4250ms=0 4300ms=0 4350ms=0 4400ms=0 4450ms=0 4500ms=0 4550ms=0 4600ms=0 4650ms=0 4700ms=0 4750ms=0 4800ms=0 4850ms=0 4900ms=0 4950ms=0
50th gpu percentile: 19ms
90th gpu percentile: 21ms
95th gpu percentile: 21ms
99th gpu percentile: 22ms
GPU HISTOGRAM: 1ms=0 2ms=0 3ms=0 4ms=0 5ms=0 6ms=0 7ms=0 8ms=0 9ms=0 10ms=64 11ms=16 12ms=11 13ms=8 14ms=3 15ms=9 16ms=11 17ms=12 18ms=41 19ms=100 20ms=104 21ms=92 22ms=20 23ms=1 24ms=0 25ms=0 4950ms=3
Font Cache (CPU):
  Size: 342.05 kB 
  Glyph Count: 68 
CPU Caches:
GPU Caches:
  Other:
    Other: 25.38 KB (1 entry)
    Buffer Object: 2.05 KB (2 entries)
  Image:
    Texture: 0.00 bytes (109 entries)
  Scratch:
    Texture: 4.26 MB (2 entries)
    Buffer Object: 48.00 KB (1 entry)
Other Caches:
                         Current / Maximum
  Layers Total           0.00 KB (numLayers = 0)
Total GPU memory usage:
  4547348 bytes, 4.34 MB (271.39 KB is purgeable)


Pipeline=Skia (OpenGL)
Profile data in ms:

	works.mees.dinghy/works.mees.dinghy.MainActivity/android.view.ViewRootImpl@262611e (visibility=0)
Window: works.mees.dinghy/works.mees.dinghy.MainActivity
Stats since: 126962229926308ns
Total frames rendered: 496
Janky frames: 19 (3.83%)
50th percentile: 8ms
90th percentile: 11ms
95th percentile: 15ms
99th percentile: 22ms
Number Missed Vsync: 1
Number High input latency: 479
Number Slow UI thread: 1
Number Slow bitmap uploads: 1
Number Slow issue draw commands: 4
Number Frame deadline missed: 7
HISTOGRAM: 5ms=4 6ms=45 7ms=124 8ms=127 9ms=119 10ms=15 11ms=13 12ms=7 13ms=9 14ms=5 15ms=6 16ms=3 17ms=1 18ms=7 19ms=2 20ms=2 21ms=2 22ms=1 23ms=1 24ms=0 25ms=1 26ms=2 27ms=0 28ms=0 29ms=0 30ms=0 31ms=0 32ms=0 34ms=0 36ms=0 38ms=0 40ms=0 42ms=0 44ms=0 46ms=0 48ms=0 53ms=0 57ms=0 61ms=0 65ms=0 69ms=0 73ms=0 77ms=0 81ms=0 85ms=0 89ms=0 93ms=0 97ms=0 101ms=0 105ms=0 109ms=0 113ms=0 117ms=0 121ms=0 125ms=0 129ms=0 133ms=0 150ms=0 200ms=0 250ms=0 300ms=0 350ms=0 400ms=0 450ms=0 500ms=0 550ms=0 600ms=0 650ms=0 700ms=0 750ms=0 800ms=0 850ms=0 900ms=0 950ms=0 1000ms=0 1050ms=0 1100ms=0 1150ms=0 1200ms=0 1250ms=0 1300ms=0 1350ms=0 1400ms=0 1450ms=0 1500ms=0 1550ms=0 1600ms=0 1650ms=0 1700ms=0 1750ms=0 1800ms=0 1850ms=0 1900ms=0 1950ms=0 2000ms=0 2050ms=0 2100ms=0 2150ms=0 2200ms=0 2250ms=0 2300ms=0 2350ms=0 2400ms=0 2450ms=0 2500ms=0 2550ms=0 2600ms=0 2650ms=0 2700ms=0 2750ms=0 2800ms=0 2850ms=0 2900ms=0 2950ms=0 3000ms=0 3050ms=0 3100ms=0 3150ms=0 3200ms=0 3250ms=0 3300ms=0 3350ms=0 3400ms=0 3450ms=0 3500ms=0 3550ms=0 3600ms=0 3650ms=0 3700ms=0 3750ms=0 3800ms=0 3850ms=0 3900ms=0 3950ms=0 4000ms=0 4050ms=0 4100ms=0 4150ms=0 4200ms=0 4250ms=0 4300ms=0 4350ms=0 4400ms=0 4450ms=0 4500ms=0 4550ms=0 4600ms=0 4650ms=0 4700ms=0 4750ms=0 4800ms=0 4850ms=0 4900ms=0 4950ms=0
50th gpu percentile: 19ms
90th gpu percentile: 21ms
95th gpu percentile: 21ms
99th gpu percentile: 22ms
GPU HISTOGRAM: 1ms=0 2ms=0 3ms=0 4ms=0 5ms=0 6ms=0 7ms=0 8ms=0 9ms=0 10ms=65 11ms=16 12ms=11 13ms=8 14ms=3 15ms=9 16ms=11 17ms=12 18ms=41 19ms=100 20ms=104 21ms=92 22ms=20 23ms=1 24ms=0 25ms=0 4950ms=3


---PROFILEDATA---
Flags,IntendedVsync,Vsync,OldestInputEvent,NewestInputEvent,HandleInputStart,AnimationStart,PerformTraversalsStart,DrawStart,SyncQueued,SyncStart,IssueDrawCommandsStart,SwapBuffers,FrameCompleted,DequeueBufferDuration,QueueBufferDuration,GpuCompleted,
0,126973738607547,126973738607547,9223372036854775807,0,126973738898475,126973738898475,126973740119179,126973740241249,126973740821083,126973741248329,126973741461952,126973744239051,126973747351844,366210,1556397,126973763587197,
0,126973755272568,126973755272568,9223372036854775807,0,126973756201942,126973756201942,126973757819374,126973757971962,126973758155067,126973758521278,126973758795936,126973761817177,126973763861855,274659,732422,126973780158243,
0,126973771938058,126973771938058,9223372036854775807,0,126973772254189,126973772254189,126973773108681,126973773230752,126973773444375,126973773780068,126973773963174,126973776740273,126973780432901,305176,2380371,126973796912392,
0,126973788642969,126973788642969,9223372036854775807,0,126973789496621,126973789496621,126973790839394,126973790991982,126973791571816,126973791968545,126973792151650,126973794928749,126973797278603,335693,854492,126973813574989,
0,126973805343972,126973805343972,9223372036854775807,0,126973805670936,126973805670936,126973806739051,126973806861122,126973807044227,126973807471473,126973807685096,126973810767372,126973813849647,335693,1770019,126973830207069,
0,126973821986481,126973821986481,9223372036854775807,0,126973822364051,126973822364051,126973822791297,126973822913367,126973823096472,126973823432166,126973823615271,126973826514441,126973830451209,305176,2593995,126973846869666,
0,126973839161726,126973839161726,9223372036854775807,0,126973839514929,126973839514929,126973840247352,126973840369422,126973840613563,126973840979774,126973841162879,126973843939979,126973847144324,274658,1892090,126973863715370,
0,126973855859747,126973855859747,9223372036854775807,0,126973856177528,126973856177528,126973857032020,126973857184608,126973858161170,126973858527381,126973858771522,126973862311562,126973864386757,366211,335694,126973880347451,
0,126973872540458,126973872540458,9223372036854775807,0,126973872840127,126973872840127,126973873969277,126973874121865,126973874335488,126973874701699,126973874915322,126973877845009,126973880652627,396729,1342774,126973896949014,
0,126973889223445,126973889223445,9223372036854775807,0,126973890113077,126973890113077,126973892005166,126973892157754,126973892340860,126973892707071,126973892920694,126973895758828,126973897376260,335693,305176,126973913672647,
0,126973905910719,126973905910719,9223372036854775807,0,126973906256876,126973906256876,126973907111368,126973907294473,126973907447061,126973907813272,126973907996377,126973910926065,126973913947305,305176,1678467,126973930518349,
0,126973922596331,126973922596331,9223372036854775807,0,126973923499306,126973923529824,126973924872597,126973925025185,126973926032265,126973926428993,126973926703652,126973929816444,126973932501991,610352,427246,126973946997840,
0,126973939274730,126973939274730,9223372036854775807,0,126973939551551,126973939582069,126973940039832,126973940161903,126973940375526,126973941260535,126973941504676,126973944953162,126973947333533,335693,793457,126973963904578,
0,126973955955429,126973955955429,9223372036854775807,0,126973956336218,126973956366736,126973957129675,126973957282263,126973957495886,126973957923132,126973958350378,126973961219031,126973964179236,335693,1586914,126973980414589,
0,126973972638429,126973972638429,9223372036854775807,0,126973972968299,126973972968299,126973973670203,126973973792274,126973974036414,126973974768836,126973974982459,126973977820594,126973980689247,305176,1556398,126973997077186,
0,126973989316740,126973989316740,9223372036854775807,0,126973989691932,126973989691932,126973990271767,126973990393837,126973990576943,126973991309364,126973991522987,126973994269569,126973997351845,305175,1739502,126974013800820,
0,126974006032715,126974006032715,9223372036854775807,0,126974006324013,126974006324013,126974007117470,126974007239540,126974007483681,126974008155068,126974008338173,126974011450967,126974014075478,274658,1312256,126974030616006,
0,126974022719382,126974022719382,9223372036854775807,0,126974023627481,126974023627481,126974024939736,126974025061807,126974026007852,126974026374063,126974026587686,126974029273232,126974031073769,335694,305176,126974047248085,
0,126974039404669,126974039404669,9223372036854775807,0,126974039710243,126974039710243,126974040198525,126974040625771,126974040869911,126974041693886,126974041876991,126974044928749,126974047522743,335694,1281739,126974063819129,
0,126974056092255,126974056092255,9223372036854775807,0,126974056403358,126974056403358,126974057166297,126974057288367,126974057501990,126974058234412,126974058448035,126974061530310,126974064063269,305176,1220703,126974080512245,
0,126974072782142,126974072782142,9223372036854775807,0,126974073126990,126974073126990,126974073798377,126974073920447,126974074195105,126974074897010,126974075080115,126974077857215,126974080786903,305176,1586915,126974097174842,
0,126974089474316,126974089474316,9223372036854775807,0,126974090369423,126974090399940,126974090857704,126974091345985,126974091529091,126974091864784,126974092078407,126974094824989,126974097418983,305176,1281739,126974113806923,
0,126974106164278,126974106164278,9223372036854775807,0,126974106482704,126974106482704,126974107276161,126974107398231,126974107611854,126974108374794,126974108557899,126974111823281,126974114112099,488281,610351,126974130622110,
0,126974122849003,126974122849003,9223372036854775807,0,126974123206338,126974123206338,126974123725137,126974123877725,126974124060830,126974124549111,126974124732217,126974127509316,126974130896768,274658,2075196,126974147376260,
0,126974139536015,126974139536015,9223372036854775807,0,126974139838418,126974139838418,126974141944132,126974142127237,126974142981729,126974143378458,126974143592081,126974146399698,126974148078164,305176,274659,126974163977822,
0,126974156225314,126974156225314,9223372036854775807,0,126974156470498,126974156470498,126974157141885,126974157263955,126974157447060,126974157874306,126974158087929,126974161139687,126974164282997,335693,1708985,126974180670936,
0,126974172916925,126974172916925,9223372036854775807,0,126974173255165,126974173255165,126974173957069,126974174079139,126974174323280,126974175208290,126974175421913,126974178351600,126974180945594,305175,1281738,126974197303015,
0,126974189606313,126974189606313,9223372036854775807,0,126974190497595,126974190497595,126974191687781,126974191809851,126974191992957,126974192389685,126974192603308,126974195258337,126974197547156,274659,976562,126974214118200,
0,126974206290463,126974206290463,9223372036854775807,0,126974206580359,126974206610877,126974207007605,126974207129675,126974207343299,126974207648474,126974207831580,126974212287146,126974214423376,366211,305175,126974230658729,
0,126974222976899,126974222976899,9223372036854775807,0,126974224494177,126974224494177,126974225592810,126974225714880,126974225928503,126974226264197,126974226447302,126974229468542,126974231269080,305176,305175,126974247351844,
0,126974239668708,126974239668708,9223372036854775807,0,126974240058143,126974240058143,126974241095741,126974241248329,126974241431434,126974242102821,126974242285926,126974245337684,126974247626502,305176,854492,126974264014443,
0,126974256356660,126974256356660,9223372036854775807,0,126974257300575,126974257300575,126974257849891,126974258368690,126974258643348,126974258979041,126974259192665,126974262244423,126974264289101,305176,579834,126974280768594,
0,126974273038509,126974273038509,9223372036854775807,0,126974273963173,126974273963173,126974274481972,126974274909218,126974275214394,126974275519570,126974275672158,126974278449257,126974281012734,274658,1281739,126974297370156,
0,126974289722646,126974289722646,9223372036854775807,0,126974290625772,126974290625772,126974291114053,126974291663370,126974291907510,126974292273721,126974292426309,126974295142373,126974297644815,274659,1220703,126974314124306,
0,126974306406401,126974306406401,9223372036854775807,0,126974307257851,126974307288369,126974307776650,126974308234413,126974308417519,126974308753212,126974308936318,126974311774452,126974314398964,274659,1342774,126974330847937,
0,126974323093320,126974323093320,9223372036854775807,0,126974323981483,126974323981483,126974324500282,126974324958045,126974325202186,126974325537879,126974325720985,126974328406531,126974331122596,274658,1434326,126974347480018,
0,126974339783782,126974339783782,9223372036854775807,0,126974340674598,126974340674598,126974341620643,126974341742713,126974342017371,126974342322547,126974342505653,126974345252234,126974347754676,244140,1220703,126974364234168,
0,126974356465056,126974356465056,9223372036854775807,0,126974357337196,126974357337196,126974358313758,126974358466346,126974358710487,126974359046180,126974359229285,126974362586219,126974364691932,305176,579834,126974380957802,
0,126974373148618,126974373148618,9223372036854775807,0,126974374030311,126974374030311,126974375434119,126974375556190,126974376136024,126974376471717,126974376685340,126974379523475,126974381629188,335694,305175,126974397650917,
0,126974389834492,126974389834492,9223372036854775807,0,126974390235146,126974390235146,126974391547402,126974391699989,126974391974648,126974392340859,126974392554482,126974395331581,126974397895057,274658,1251220,126974414252480,
0,126974406522654,126974406522654,9223372036854775807,0,126974407416542,126974407416542,126974408484657,126974408698280,126974408850868,126974409217079,126974409430702,126974412268838,126974414557656,274658,946045,126974430976113,
0,126974423213103,126974423213103,9223372036854775807,0,126974424079141,126974424079141,126974424658975,126974425116738,126974425391397,126974425696572,126974425879678,126974428534707,126974431250771,274658,1403808,126974447608192,
0,126974439898877,126974439898877,9223372036854775807,0,126974440802773,126974440802773,126974441291054,126974441748817,126974441992958,126974442267616,126974442481239,126974445136268,126974447882850,274658,1464843,126974464484412,
0,126974456583013,126974456583013,9223372036854775807,0,126974457709510,126974457709510,126974458930213,126974459052283,126974459296424,126974459723670,126974459906775,126974463294226,126974465399939,488282,274658,126974481147010,
0,126974473269450,126974473269450,9223372036854775807,0,126974473578650,126974473609168,126974474677283,126974474799354,126974475012977,126974475531775,126974475745398,126974478644568,126974481482704,335694,1434327,126974497840126,
0,126974489979114,126974489979114,9223372036854775807,0,126974490363319,126974490363319,126974490821083,126974490973671,126974491187294,126974492865761,126974493079384,126974496070106,126974498206336,366211,701905,126974514624794,
0,126974506671545,126974506671545,9223372036854775807,0,126974507636269,126974507636269,126974509009559,126974509131630,126974509406288,126974509803016,126974509986122,126974513190468,126974515052041,335693,396728,126974531165323,
0,126974523354336,126974523354336,9223372036854775807,0,126974523719033,126974523719033,126974524146279,126974524298867,126974524512490,126974525794228,126974526038369,126974528876504,126974531592569,396728,1129151,126974547980508,
0,126974540042449,126974540042449,9223372036854775807,0,126974540442667,126974540473185,126974540900431,126974541541300,126974541724405,126974543860635,126974544074258,126974547034463,126974548621377,305176,274658,126974564582070,
0,126974556727161,126974556727161,9223372036854775807,0,126974557013711,126974557013711,126974557440957,126974557593545,126974557776650,126974591803748,126974591986853,126974595069128,126974597052771,335693,396728,126974604315955,
0,126974573414173,126974590080840,9223372036854775807,0,126974592322547,126974592353064,126974592810828,126974592902380,126974593085486,126974597357947,126974597571570,126974600318153,126974604529578,244141,3021240,126974612830360,
0,126975441127273,126975441127273,126975430000000,126975436127273,126975441382606,126975443213661,126975443213661,126975443305213,126975443488319,126975443824012,126975444037635,126975447272498,126975456671913,335694,457764,126975464850624,
0,126975457814284,126975457814284,126975443000000,126975449500000,126975458747108,126975461463173,126975461493691,126975461585244,126975462165078,126975464423378,126975466376503,126975469092567,126975470954140,366211,305176,126975479712685,
0,126975474868947,126975474868947,126975462000000,126975469868947,126975475775917,126975479285439,126975479285439,126975479407509,126975479651650,126975480963906,126975481421670,126975484168252,126975486060342,335693,396729,126975500159464,
0,126975491471205,126975491471205,126975478000000,126975486000000,126975492438516,126975495887002,126975495917520,126975496009073,126975496558389,126975497138223,126975497351846,126975500098429,126975503607950,335694,335693,126975511359414,
0,126975505308248,126975505308248,126975497000000,126975500308248,126975505591592,126975507086954,126975507117471,126975507239542,126975507422647,126975507819376,126975508032999,126975510901651,126975513465127,976563,335693,126975520911416,
0,126975521646151,126975521646151,9223372036854775807,0,126975521979531,126975522010048,126975523047646,126975523200234,126975523902138,126975524207314,126975524420937,126975527167519,126975528968056,274658,305176,126975536475380,
0,126975538180438,126975538180438,9223372036854775807,0,126975538489540,126975538489540,126975538886268,126975539466102,126975539649208,126975540381629,126975540564735,126975543280799,126975545142371,335694,335693,126975552558142,
0,126975554818682,126975554818682,9223372036854775807,0,126975555121619,126975555121619,126975556281287,126975556403357,126975556952673,126975557288367,126975557501990,126975560279089,126975562415320,305175,335694,126975569800574,
0,126975571404087,126975571404087,9223372036854775807,0,126975572180946,126975572180946,126975573462684,126975573645789,126975574195106,126975574500282,126975574713905,126975577643592,126975579383094,305176,274658,126975586890419,
0,126975588042728,126975588042728,9223372036854775807,0,126975588843543,126975588843543,126975589942176,126975590125283,126975590644081,126975590979775,126975591162880,126975593939980,126975595648964,274658,305176,126975603095253,
0,126975604678836,126975604678836,9223372036854775807,0,126975605445107,126975605475624,126975606665810,126975606787880,126975607398232,126975607703407,126975607886513,126975610694131,126975612464150,305176,335693,126975619971474,
0,126975621325523,126975621325523,9223372036854775807,0,126975622138223,126975622168741,126975623236856,126975623389444,126975623572549,126975623908242,126975624121865,126975626807412,126975628485879,274659,305176,126975636023720,
0,126975637973202,126975637973202,9223372036854775807,0,126975638770302,126975638770302,126975640509804,126975640662392,126975641486366,126975641883095,126975642127235,126975644812782,126975646735389,335694,366211,126975654120643,
0,126975654627738,126975654627738,9223372036854775807,0,126975655493934,126975655493934,126975656439979,126975656562049,126975656745154,126975657111365,126975657263953,126975659980018,126975661811072,335693,305176,126975669257361,
0,126975671283606,126975671283606,9223372036854775807,0,126975672095496,126975672095496,126975673651893,126975673804481,126975674353797,126975674658973,126975674872596,126975677619178,126975679358679,305176,274659,126975686896522,
0,126975687963423,126975687963423,9223372036854775807,0,126975688788612,126975688788612,126975689307410,126975689765174,126975689948279,126975690283974,126975690467079,126975693213661,126975694922645,274658,274658,126975702399453,
0,126975704622120,126975704622120,9223372036854775807,0,126975705420693,126975705420693,126975706610878,126975706732948,126975707343300,126975707648476,126975707862099,126975710700234,126975712592324,335694,366211,126975720038614,
0,126975721257260,126975721257260,9223372036854775807,0,126975722083291,126975722083291,126975723181924,126975723334512,126975723487100,126975723853311,126975724066934,126975726782998,126975728522500,274658,305176,126975735968789,
0,126975737917709,126975737917709,9223372036854775807,0,126975738715371,126975738715371,126975739905557,126975740088663,126975740668497,126975741034708,126975741217813,126975743964395,126975745673380,305176,305176,126975753180703,
0,126975754579860,126975754579860,9223372036854775807,0,126975755377969,126975755377969,126975756446084,126975756568154,126975756751260,126975757086953,126975757270059,126975759955605,126975761786660,305175,305176,126975769232948,
0,126975771242500,126975771242500,9223372036854775807,0,126975772406776,126975772406776,126975773230751,126975773352821,126975773535927,126975773871620,126975774054725,126975776740272,126975778418739,274659,305176,126975785926063,
0,126975787904166,126975787904166,9223372036854775807,0,126975788703162,126975788733680,126975790076453,126975790198523,126975790808875,126975791114051,126975791327674,126975793982703,126975795691687,274658,274658,126975803229529,
0,126975804681161,126975804681161,9223372036854775807,0,126975805487830,126975805487830,126975806678015,126975806800086,126975806983191,126975807349402,126975807563025,126975810370643,126975812506874,335694,640869,126975819678504,
0,126975821816998,126975821816998,9223372036854775807,0,126975822638710,126975822638710,126975823126991,126975823554237,126975823737343,126975824103553,126975824286659,126975826941688,126975828650672,274658,305175,126975836157997,
0,126975838502655,126975838502655,9223372036854775807,0,126975839301307,126975839301307,126975840583047,126975840705117,126975841254433,126975841590127,126975841773232,126975844306191,126975846015175,274658,274658,126975853522500,
0,126975855203462,126975855203462,9223372036854775807,0,126975856024941,126975856024941,126975857093056,126975857215127,126975857428750,126975857733925,126975857947548,126975860694131,126975862403116,274659,305176,126975869849404,
0,126975871887510,126975871887510,9223372036854775807,0,126975873084267,126975873114785,126975873786172,126975873908242,126975874121865,126975874427041,126975874610146,126975877295693,126975879004677,305176,274658,126975886573036,
0,126975888569934,126975888569934,9223372036854775807,0,126975889411171,126975889411171,126975890357215,126975890479286,126975890723426,126975891059120,126975891242225,126975893836219,126975896460731,274658,335693,126975903052527,
0,126975905254658,126975905254658,9223372036854775807,0,126975906104285,126975906104285,126975908332068,126975908454138,126975909033972,126975909369665,126975909583288,126975912360389,126975914130408,305176,335693,126975921546180,
0,126975921937419,126975921937419,9223372036854775807,0,126975923072059,126975923072059,126975924323280,126975924445350,126975924628456,126975924933631,126975925116737,126975927771766,126975929450233,274658,274658,126975936927040,
0,126975938623994,126975938623994,9223372036854775807,0,126975939429481,126975939429481,126975939917762,126975940345009,126975940558632,126975940863808,126975941046914,126975944129189,126975945960243,305176,396728,126975953253945,
0,126975955309192,126975955309192,9223372036854775807,0,126975956214150,126975956214150,126975956732949,126975957160195,126975957434853,126975957831581,126975958228310,126975961463174,126975963690957,335693,335693,126975970801553,
0,126975971992766,126975971992766,9223372036854775807,0,126975972876749,126975972876749,126975974311075,126975974433145,126975975074014,126975975440225,126975978949746,126975982062540,126975984198770,366211,305176,126975991736612,
0,126975988678628,126975988678628,9223372036854775807,0,126975989569864,126975989569864,126975990210733,126975990332803,126975990821084,126975991217813,126975991858682,126975994788369,126975996558389,274659,366211,126976004004677,
0,126976005366790,126976005366790,9223372036854775807,0,126976006171425,126976006171425,126976007392128,126976007544716,126976007727822,126976008063515,126976008246620,126976011084755,126976012793739,274658,274658,126976020331581,
0,126976022057239,126976022057239,9223372036854775807,0,126976022834022,126976022834022,126976023780067,126976023902137,126976024085242,126976024481971,126976024665076,126976027350623,126976029029090,244141,274658,126976036536414,
0,126976038738513,126976038738513,9223372036854775807,0,126976039557654,126976039557654,126976040076453,126976040198524,126976040686805,126976040991981,126976041144569,126976043769080,126976045447547,274658,274658,126976052924354,
0,126976055422223,126976055422223,9223372036854775807,0,126976056189735,126976056220252,126976056678016,126976057105262,126976057257850,126976057593543,126976057776649,126976060401161,126976062049110,274658,274658,126976069586952,
0,126976072107949,126976072107949,9223372036854775807,0,126976072882851,126976072913368,126976074103554,126976074286659,126976074866493,126976075171669,126976075385292,126976078040321,126976079810341,274658,305176,126976087317665,
0,126976088796110,126976088796110,9223372036854775807,0,126976089575966,126976089606484,126976090125283,126976090247354,126976090705117,126976091132363,126976091345986,126976094031533,126976095801553,274658,305176,126976103308877,
0,126976105482200,126976105482200,9223372036854775807,0,126976106269082,126976106299600,126976107367715,126976107489785,126976107703408,126976108008584,126976108222207,126976110907754,126976112586220,274658,274659,126976120185097,
0,126976122167834,126976122167834,9223372036854775807,0,126976122962196,126976122962196,126976123847206,126976123969276,126976124152382,126976124488075,126976124671181,126976127387245,126976129065712,274658,274658,126976136573035,
0,126976138869405,126976138869405,9223372036854775807,0,126976139685828,126976139685828,126976140357215,126976140753943,126976141028602,126976141364295,126976141516883,126976144202429,126976146155554,274658,457763,126976153388221,
0,126976155560361,126976155560361,9223372036854775807,0,126976156378943,126976156378943,126976158026892,126976158148963,126976158332068,126976158637244,126976158820349,126976161536415,126976163214881,274658,274658,126976170752724,
0,126976172248015,126976172248015,9223372036854775807,0,126976173011024,126976173041542,126976174018104,126976174140175,126976174384315,126976174689491,126976174842079,126976177466591,126976179145057,274658,274658,126976186652382,
0,126976188936266,126976188936266,9223372036854775807,0,126976189765175,126976189765175,126976190283975,126976190406045,126976190863808,126976191260537,126976191413125,126976194007119,126976195655068,244141,305176,126976203192910,
0,126976205619253,126976205619253,9223372036854775807,0,126976206427773,126976206458291,126976207740029,126976207862099,126976208441933,126976208777627,126976208960732,126976211707315,126976213416299,305176,274658,126976220954142,
0,126976222304920,126976222304920,9223372036854775807,0,126976223426065,126976223426065,126976224097452,126976224219522,126976224463663,126976224799356,126976224982462,126976227515420,126976229193887,274658,274658,126976236731728,
0,126976238992138,126976238992138,9223372036854775807,0,126976239814004,126976239814004,126976240454873,126976240851601,126976241126259,126976241461953,126976241645058,126976244300087,126976245978554,274658,305176,126976253516395,
0,126976255682310,126976255682310,9223372036854775807,0,126976256446083,126976256446083,126976257636268,126976257788856,126976257971962,126976258277137,126976258490760,126976261176307,126976262854774,274658,274658,126976270362098,
0,126976272369688,126976272369688,9223372036854775807,0,126976273474890,126976273474890,126976274115759,126976274237830,126976274481970,126976274817664,126976275000769,126976277625281,126976279303747,274658,274658,126976286780555,
0,126976289052112,126976289052112,9223372036854775807,0,126976289832312,126976289832312,126976290351112,126976290778358,126976290961463,126976291297157,126976291480262,126976294257362,126976295966346,274658,305176,126976303443153,
0,126976305736836,126976305736836,9223372036854775807,0,126976306616981,126976306616981,126976307074745,126976307593544,126976307776649,126976308112342,126976308264930,126976311011513,126976312689980,244141,274658,126976320166787,
0,126976322426136,126976322426136,9223372036854775807,0,126976323279580,126976323279580,126976323737343,126976324195107,126976324378212,126976324744423,126976324897011,126976327582558,126976329261025,274658,274658,126976336768349,
0,126976339113147,126976339113147,9223372036854775807,0,126976339911660,126976339911660,126976340399942,126976340827188,126976340979776,126976341315469,126976341498575,126976344153604,126976345832071,274658,274659,126976353339394,
0,126976355804746,126976355804746,9223372036854775807,0,126976356147011,126976356147011,126976356665810,126976356787880,126976356970986,126976357337197,126976357794960,126976360816200,126976362525185,274658,305175,126976370185096,
0,126976372487171,126976372487171,9223372036854775807,0,126976372809608,126976372809608,126976373725135,126976373847205,126976374030311,126976374488075,126976374701698,126976377356727,126976379126746,274658,335693,126976386542517,
0,126976389171894,126976389171894,9223372036854775807,0,126976389472205,126976389472205,126976389991003,126976390143592,126976390296180,126976390692909,126976391028602,126976393653113,126976395362098,274658,274658,126976402869422,
0,126976405858906,126976405858906,9223372036854775807,0,126976406165321,126976406165321,126976406989295,126976407111366,126976407294471,126976407630164,126976407813270,126976410468300,126976412116249,274658,274658,126976419654090,
0,126976422548206,126976422548206,9223372036854775807,0,126976423041542,126976423072060,126976423438271,126976423560341,126976423804482,126976424445351,126976424628456,126976427252968,126976428992470,274658,335693,126976436438759,
0,126976439239805,126976439239805,9223372036854775807,0,126976439551552,126976439551552,126976440100869,126976440222940,126976440406045,126976441382608,126976441565713,126976444129190,126976445807656,274658,305176,126976453284463,
0,126976455929205,126976455929205,9223372036854775807,0,126976456519326,126976456519326,126976457282266,126976457404336,126976457587442,126976458014688,126976458167276,126976460791788,126976462470255,274658,274658,126976469947061,
0,126976472613354,126976472613354,9223372036854775807,0,126976473151406,126976473181924,126976473700723,126976473883828,126976474066934,126976474524697,126976474707803,126976477362832,126976479102334,274658,366211,126976486518105,
0,126976489299791,126976489299791,9223372036854775807,0,126976489600380,126976489630898,126976492377480,126976492530067,126976493109901,126976493506630,126976495673378,126976498419960,126976500861366,366211,854492,126976507941443,
0,126976505988528,126976505988528,9223372036854775807,0,126976506354529,126976506354529,126976507209022,126976507361609,126976507575232,126976507910926,126976508338172,126976511298377,126976513373572,335693,427246,126976520545203,
0,126976522679552,126976522679552,9223372036854775807,0,126976522986609,126976522986609,126976523535926,126976523657996,126976523841102,126976524207313,126976524573523,126976527533728,126976529639441,335693,396728,126976536719520,
0,126976539368377,126976539368377,9223372036854775807,0,126976539679725,126976539679725,126976540564735,126976540686806,126976540869911,126976541205604,126976541602333,126976544409950,126976546363075,335693,396729,126973713507849,
0,126976556051939,126976556051939,9223372036854775807,0,126976556372841,126976556372841,126976556952675,126976557074745,126976557257851,126976557593544,126976557959755,126976560767373,126976562689980,305176,396728,126973730109413,
0,126976572737813,126976572737813,9223372036854775807,0,126976573035439,126976573035439,126976573859414,126976573981484,126976574164590,126976576636513,126976577155312,126976579901894,126976581702432,335694,305176,126973746955116,
---PROFILEDATA---


View hierarchy:

  works.mees.dinghy/works.mees.dinghy.MainActivity/android.view.ViewRootImpl@262611e
  67 views, 88.43 kB of render nodes


Total ViewRootImpl   : 1
Total attached Views : 67
Total RenderNode     : 88.43 kB (used) / 361.79 kB (capacity)

