Applications Graphics Acceleration Info:
Uptime: 126980651 Realtime: 126980651

** Graphics info for pid 443 [works.mees.dinghy] **

Stats since: 126962229926308ns
Total frames rendered: 638
Janky frames: 21 (3.29%)
50th percentile: 8ms
90th percentile: 11ms
95th percentile: 15ms
99th percentile: 22ms
Number Missed Vsync: 1
Number High input latency: 610
Number Slow UI thread: 3
Number Slow bitmap uploads: 1
Number Slow issue draw commands: 4
Number Frame deadline missed: 9
HISTOGRAM: 5ms=17 6ms=101 7ms=176 8ms=135 9ms=121 10ms=21 11ms=13 12ms=7 13ms=10 14ms=5 15ms=8 16ms=3 17ms=1 18ms=7 19ms=2 20ms=2 21ms=2 22ms=1 23ms=1 24ms=2 25ms=1 26ms=2 27ms=0 28ms=0 29ms=0 30ms=0 31ms=0 32ms=0 34ms=0 36ms=0 38ms=0 40ms=0 42ms=0 44ms=0 46ms=0 48ms=0 53ms=0 57ms=0 61ms=0 65ms=0 69ms=0 73ms=0 77ms=0 81ms=0 85ms=0 89ms=0 93ms=0 97ms=0 101ms=0 105ms=0 109ms=0 113ms=0 117ms=0 121ms=0 125ms=0 129ms=0 133ms=0 150ms=0 200ms=0 250ms=0 300ms=0 350ms=0 400ms=0 450ms=0 500ms=0 550ms=0 600ms=0 650ms=0 700ms=0 750ms=0 800ms=0 850ms=0 900ms=0 950ms=0 1000ms=0 1050ms=0 1100ms=0 1150ms=0 1200ms=0 1250ms=0 1300ms=0 1350ms=0 1400ms=0 1450ms=0 1500ms=0 1550ms=0 1600ms=0 1650ms=0 1700ms=0 1750ms=0 1800ms=0 1850ms=0 1900ms=0 1950ms=0 2000ms=0 2050ms=0 2100ms=0 2150ms=0 2200ms=0 2250ms=0 2300ms=0 2350ms=0 2400ms=0 2450ms=0 2500ms=0 2550ms=0 2600ms=0 2650ms=0 2700ms=0 2750ms=0 2800ms=0 2850ms=0 2900ms=0 2950ms=0 3000ms=0 3050ms=0 3100ms=0 3150ms=0 3200ms=0 3250ms=0 3300ms=0 3350ms=0 3400ms=0 3450ms=0 3500ms=0 3550ms=0 3600ms=0 3650ms=0 3700ms=0 3750ms=0 3800ms=0 3850ms=0 3900ms=0 3950ms=0 4000ms=0 4050ms=0 4100ms=0 4150ms=0 4200ms=0 4250ms=0 4300ms=0 4350ms=0 4400ms=0 4450ms=0 4500ms=0 4550ms=0 4600ms=0 4650ms=0 4700ms=0 4750ms=0 4800ms=0 4850ms=0 4900ms=0 4950ms=0
50th gpu percentile: 19ms
90th gpu percentile: 21ms
95th gpu percentile: 21ms
99th gpu percentile: 22ms
GPU HISTOGRAM: 1ms=0 2ms=0 3ms=0 4ms=0 5ms=0 6ms=0 7ms=0 8ms=0 9ms=1 10ms=190 11ms=25 12ms=12 13ms=12 14ms=3 15ms=9 16ms=11 17ms=12 18ms=42 19ms=101 20ms=104 21ms=92 22ms=20 23ms=1 24ms=0 25ms=0 4950ms=3
Font Cache (CPU):
  Size: 342.05 kB 
  Glyph Count: 68 
CPU Caches:
GPU Caches:
  Other:
    Other: 32.02 KB (1 entry)
    Buffer Object: 2.05 KB (2 entries)
  Image:
    Texture: 0.00 bytes (109 entries)
  Scratch:
    Texture: 4.26 MB (2 entries)
    Buffer Object: 48.00 KB (1 entry)
Other Caches:
                         Current / Maximum
  Layers Total           0.00 KB (numLayers = 0)
Total GPU memory usage:
  4554148 bytes, 4.34 MB (271.39 KB is purgeable)


Pipeline=Skia (OpenGL)
Profile data in ms:

	works.mees.dinghy/works.mees.dinghy.MainActivity/android.view.ViewRootImpl@262611e (visibility=0)
Window: works.mees.dinghy/works.mees.dinghy.MainActivity
Stats since: 126962229926308ns
Total frames rendered: 638
Janky frames: 21 (3.29%)
50th percentile: 8ms
90th percentile: 11ms
95th percentile: 15ms
99th percentile: 22ms
Number Missed Vsync: 1
Number High input latency: 610
Number Slow UI thread: 3
Number Slow bitmap uploads: 1
Number Slow issue draw commands: 4
Number Frame deadline missed: 9
HISTOGRAM: 5ms=17 6ms=101 7ms=176 8ms=135 9ms=121 10ms=21 11ms=13 12ms=7 13ms=10 14ms=5 15ms=8 16ms=3 17ms=1 18ms=7 19ms=2 20ms=2 21ms=2 22ms=1 23ms=1 24ms=2 25ms=1 26ms=2 27ms=0 28ms=0 29ms=0 30ms=0 31ms=0 32ms=0 34ms=0 36ms=0 38ms=0 40ms=0 42ms=0 44ms=0 46ms=0 48ms=0 53ms=0 57ms=0 61ms=0 65ms=0 69ms=0 73ms=0 77ms=0 81ms=0 85ms=0 89ms=0 93ms=0 97ms=0 101ms=0 105ms=0 109ms=0 113ms=0 117ms=0 121ms=0 125ms=0 129ms=0 133ms=0 150ms=0 200ms=0 250ms=0 300ms=0 350ms=0 400ms=0 450ms=0 500ms=0 550ms=0 600ms=0 650ms=0 700ms=0 750ms=0 800ms=0 850ms=0 900ms=0 950ms=0 1000ms=0 1050ms=0 1100ms=0 1150ms=0 1200ms=0 1250ms=0 1300ms=0 1350ms=0 1400ms=0 1450ms=0 1500ms=0 1550ms=0 1600ms=0 1650ms=0 1700ms=0 1750ms=0 1800ms=0 1850ms=0 1900ms=0 1950ms=0 2000ms=0 2050ms=0 2100ms=0 2150ms=0 2200ms=0 2250ms=0 2300ms=0 2350ms=0 2400ms=0 2450ms=0 2500ms=0 2550ms=0 2600ms=0 2650ms=0 2700ms=0 2750ms=0 2800ms=0 2850ms=0 2900ms=0 2950ms=0 3000ms=0 3050ms=0 3100ms=0 3150ms=0 3200ms=0 3250ms=0 3300ms=0 3350ms=0 3400ms=0 3450ms=0 3500ms=0 3550ms=0 3600ms=0 3650ms=0 3700ms=0 3750ms=0 3800ms=0 3850ms=0 3900ms=0 3950ms=0 4000ms=0 4050ms=0 4100ms=0 4150ms=0 4200ms=0 4250ms=0 4300ms=0 4350ms=0 4400ms=0 4450ms=0 4500ms=0 4550ms=0 4600ms=0 4650ms=0 4700ms=0 4750ms=0 4800ms=0 4850ms=0 4900ms=0 4950ms=0
50th gpu percentile: 19ms
90th gpu percentile: 21ms
95th gpu percentile: 21ms
99th gpu percentile: 22ms
GPU HISTOGRAM: 1ms=0 2ms=0 3ms=0 4ms=0 5ms=0 6ms=0 7ms=0 8ms=0 9ms=1 10ms=190 11ms=25 12ms=12 13ms=12 14ms=3 15ms=9 16ms=11 17ms=12 18ms=42 19ms=101 20ms=104 21ms=92 22ms=20 23ms=1 24ms=0 25ms=0 4950ms=3


---PROFILEDATA---
Flags,IntendedVsync,Vsync,OldestInputEvent,NewestInputEvent,HandleInputStart,AnimationStart,PerformTraversalsStart,DrawStart,SyncQueued,SyncStart,IssueDrawCommandsStart,SwapBuffers,FrameCompleted,DequeueBufferDuration,QueueBufferDuration,GpuCompleted,
0,126977820516435,126977820516435,9223372036854775807,0,126977821326453,126977821326453,126977822608191,126977822730262,126977823310096,126977823645789,126977823828894,126977826453406,126977828192908,305176,274658,126977835669715,
0,126977837186372,126977837186372,9223372036854775807,0,126977837989051,126977837989051,126977839179236,126977839331824,126977839484412,126977839820105,126977840064247,126977842810829,126977844489296,274658,274658,126977851996620,
0,126977853938074,126977853938074,9223372036854775807,0,126977854743202,126977854743202,126977855292518,126977855750282,126977855902870,126977856238563,126977856391151,126977859015663,126977860755166,274658,305175,126977868201454,
0,126977871063695,126977871063695,9223372036854775807,0,126977871833047,126977871833047,126977873053750,126977873206338,126977873816689,126977874182900,126977874366006,126977877112587,126977879187783,457763,396728,126977886542520,
0,126977887748067,126977887748067,9223372036854775807,0,126977888007363,126977888037881,126977888831338,126977888953408,126977889167031,126977889502724,126977889685830,126977893164835,126977895362100,305176,457763,126977902533730,
0,126977904453562,126977904453562,9223372036854775807,0,126977905310830,126977905310830,126977906928261,126977907080849,126977907263955,126977907569131,126977907752236,126977910468300,126977912177285,274659,305176,126977919684608,
0,126977921141711,126977921141711,9223372036854775807,0,126977921973427,126977921973427,126977923438270,126977923560340,126977924109657,126977924445350,126977924658973,126977927314002,126977929022987,305175,274658,126977936499793,
0,126977937827674,126977937827674,9223372036854775807,0,126977938666541,126977938697058,126977939948279,126977940070349,126977940467079,126977940772254,126977940985878,126977943579872,126977945288856,274658,305176,126977952735145,
0,126977954512873,126977954512873,9223372036854775807,0,126977955329139,126977955329139,126977955970008,126977956427772,126977956641395,126977956946571,126977957129676,126977959845741,126977961524208,274659,274658,126977969031532,
0,126977971200887,126977971200887,9223372036854775807,0,126977971991738,126977971991738,126977972480019,126977972907265,126977973090371,126977973365029,126977973548134,126977976233681,126977977912148,244141,274658,126977985358437,
0,126977987887370,126977987887370,9223372036854775807,0,126977988715371,126977988715371,126977990027626,126977990149698,126977990912637,126977991400918,126977991614541,126977994300088,126977996375283,335694,335693,126978003730019,
0,126978004576107,126978004576107,9223372036854775807,0,126978005469521,126978005469521,126978006079873,126978006568154,126978006812294,126978007147988,126978007361611,126978010474404,126978012671669,335694,305176,126978019812782,
0,126978021260458,126978021260458,9223372036854775807,0,126978021521766,126978021552284,126978022193153,126978022315223,126978022498329,126978023596961,126978023810584,126978026770789,126978028754432,305176,305176,126978036139685,
0,126978037947079,126978037947079,9223372036854775807,0,126978038794714,126978038794714,126978039313513,126978039740759,126978039923865,126978040473182,126978040656287,126978043402869,126978045111854,305176,305175,126978052619178,
0,126978054632377,126978054632377,9223372036854775807,0,126978055426795,126978055426795,126978056372840,126978056494911,126978056739051,126978057044227,126978057196815,126978059851844,126978061530312,274659,274658,126978069007118,
0,126978071319952,126978071319952,9223372036854775807,0,126978072119912,126978072119912,126978073035439,126978073157509,126978073340615,126978073645790,126978073828896,126978076483925,126978078162392,274658,274658,126978085608681,
0,126978088009839,126978088009839,9223372036854775807,0,126978088782509,126978088782509,126978090247354,126978090369424,126978090979776,126978091284951,126978091498574,126978094031533,126978095771035,305176,305176,126978103278360,
0,126978104702012,126978104702012,9223372036854775807,0,126978105536660,126978105536660,126978106604776,126978106787881,126978106970987,126978107276162,126978107489785,126978110175332,126978111884316,274658,274658,126978119361122,
0,126978121385012,126978121385012,9223372036854775807,0,126978122199257,126978122199257,126978122657021,126978123084267,126978123267372,126978123603066,126978123755653,126978126563270,126978128241737,244140,274658,126978135749061,
0,126978138070299,126978138070299,9223372036854775807,0,126978138922889,126978138922889,126978139380653,126978139807899,126978139991004,126978140326697,126978140509803,126978143225867,126978144934851,305176,274659,126978152381141,
0,126978154757886,126978154757886,9223372036854775807,0,126978155616004,126978155616004,126978156104285,126978156623084,126978156897742,126978157263953,126978157477576,126978160193642,126978162055214,305175,366211,126978169440467,
0,126978171445993,126978171445993,9223372036854775807,0,126978171698769,126978171729286,126978172461708,126978172614296,126978172797401,126978173438271,126978173651894,126978176245888,126978178076942,274658,335693,126978185523232,
0,126978188132958,126978188132958,9223372036854775807,0,126978188971718,126978188971718,126978189917763,126978190100869,126978190467080,126978190833291,126978191016396,126978193549355,126978195258340,274659,274658,126978202735147,
0,126978204823508,126978204823508,9223372036854775807,0,126978205451211,126978205451211,126978206763467,126978206885537,126978207526406,126978207862100,126978208106240,126978210944376,126978212897501,335693,305176,126978220374307,
0,126978221508795,126978221508795,9223372036854775807,0,126978221869668,126978221869668,126978222235879,126978222418984,126978222602090,126978222968301,126978223334512,126978226081094,126978227820595,305175,274658,126978235358437,
0,126978238196381,126978238196381,9223372036854775807,0,126978238471229,126978238501747,126978239386757,126978239539345,126978239691933,126978240180214,126978240424354,126978243048866,126978244818885,274658,366211,126978252234656,
0,126978254886268,126978254886268,9223372036854775807,0,126978255194861,126978255194861,126978255591590,126978255713660,126978255866248,126978256385047,126978256720740,126978259375769,126978261298378,274659,305176,126978268531043,
0,126978271571467,126978271571467,9223372036854775807,0,126978271857460,126978271857460,126978272193153,126978272589882,126978272742470,126978273566444,126978273749550,126978276465614,126978278205116,305176,274658,126978285712440,
0,126978288255029,126978288255029,9223372036854775807,0,126978288581093,126978288581093,126978289069374,126978289191444,126978289374550,126978289801796,126978290320595,126978293006142,126978294684609,274659,274658,126978302161416,
0,126978304940902,126978304940902,9223372036854775807,0,126978305274209,126978305274209,126978306128701,126978306250771,126978306433877,126978306983193,126978307196816,126978309882363,126978311804971,488282,274658,126978319312295,
0,126978321629052,126978321629052,9223372036854775807,0,126978321906289,126978321906289,126978322272500,126978322394570,126978322547158,126978323737343,126978323920449,126978326575478,126978328284462,274658,274658,126978335730751,
0,126978338319514,126978338319514,9223372036854775807,0,126978339453895,126978339453895,126978340155799,126978340308387,126978340522010,126978340918739,126978341284950,126978343909461,126978353797156,305176,366211,126978353217322,
0,126978355007763,126978355007763,9223372036854775807,0,126978355536658,126978355536658,126978355933386,126978356055457,126978356238562,126978356696326,126978357062537,126978359717566,126978361457069,274659,305175,126978368933875,
0,126978371690763,126978371690763,9223372036854775807,0,126978372016151,126978372046669,126978372382362,126978372779090,126978372962196,126978373725135,126978373938758,126978376502235,126978378272254,274658,396729,126978385718544,
0,126978388376050,126978388376050,9223372036854775807,0,126978389228065,126978389228065,126978390692910,126978390845498,126978391425332,126978391761025,126978391974648,126978394660195,126978396399696,305176,305176,126978403876504,
0,126978405066476,126978405066476,9223372036854775807,0,126978405371865,126978405371865,126978406958779,126978407172402,126978407355507,126978407691201,126978407874306,126978410865030,126978412879190,305175,366211,126978420142374,
0,126978421753510,126978421753510,9223372036854775807,0,126978422583780,126978422583780,126978423712930,126978423896036,126978424048623,126978424414834,126978424597940,126978427252969,126978428931436,244141,274658,126978436499795,
0,126978438445685,126978438445685,9223372036854775807,0,126978439276894,126978439276894,126978439765175,126978440222939,126978440406044,126978440741738,126978440924843,126978443610390,126978445288857,244141,274659,126978452796180,
0,126978455128684,126978455128684,9223372036854775807,0,126978455939491,126978455939491,126978456427772,126978456824500,126978457007606,126978457373817,126978457556922,126978460242469,126978461920936,244141,274658,126978469428259,
0,126978471814523,126978471814523,9223372036854775807,0,126978472388465,126978472388465,126978472998817,126978473120887,126978473303993,126978473792274,126978474005897,126978476630408,126978478308875,274659,274658,126978485846717,
0,126978488504180,126978488504180,9223372036854775807,0,126978489325721,126978489356239,126978489844520,126978490302284,126978490485390,126978490790566,126978490973671,126978493628700,126978495307167,274659,305176,126978502814492,
0,126978505191444,126978505191444,9223372036854775807,0,126978505957802,126978505957802,126978507025917,126978507147988,126978507392128,126978507666786,126978507880409,126978510596475,126978512366494,335693,305176,126978519873818,
0,126978521879119,126978521879119,9223372036854775807,0,126978522406778,126978522406778,126978522925576,126978523047647,126978523230752,126978523657998,126978523841104,126978526679238,126978528693398,305176,396729,126978535865030,
0,126978538573006,126978538573006,9223372036854775807,0,126978539435586,126978539466104,126978540442666,126978540595254,126978540839395,126978541236123,126978541602334,126978544532021,126978546576699,335693,335693,126978553809365,
0,126978555257730,126978555257730,9223372036854775807,0,126978557227333,126978557257851,126978557807167,126978557929237,126978558142860,126978558509071,126978558875282,126978561743934,126978563666542,335693,305176,126978571082313,
0,126978571946307,126978571946307,9223372036854775807,0,126978572852332,126978572852332,126978573371131,126978573889930,126978574134070,126978574469764,126978574835975,126978577582556,126978579627234,305175,366211,126978586890418,
0,126978588634053,126978588634053,9223372036854775807,0,126978590186317,126978590216835,126978591071327,126978591193397,126978591407020,126978591742714,126978591925819,126978594641884,126978596930702,579834,366211,126978604254921,
0,126978605315784,126978605315784,9223372036854775807,0,126978605628212,126978605628212,126978605994423,126978606391151,126978606574257,126978607123573,126978607550819,126978610358437,126978612189492,305176,335694,126978619635780,
0,126978622003002,126978622003002,9223372036854775807,0,126978622901162,126978622901162,126978623389443,126978623511514,126978623694619,126978653113564,126978653296669,126978656226356,126978658332069,305175,335693,126978665259559,
0,126978638701091,126978638701091,9223372036854775807,0,126978653632362,126978653632362,126978655554970,126978655677040,126978655860145,126978658637245,126978658820350,126978662360389,126978665503700,274658,1861572,126978674475867,
0,126978672081512,126978672081512,9223372036854775807,0,126978672980506,126978672980506,126978673896033,126978674231726,126978674414832,126978674872595,126978675055701,126978677741248,126978679389197,244140,274658,126978686652381,
0,126979506522378,126979506522378,126979491000000,126979499000000,126979506720740,126979508521277,126979508521277,126979508612830,126979509162146,126979509558875,126979509833533,126979512915809,126979522101600,335694,274658,126979530738076,
0,126979523211080,126979523211080,126979508000000,126979516000000,126979523535927,126979524726112,126979524756630,126979524848182,126979525031288,126979525519569,126979525733192,126979529029090,126979531287392,671387,488282,126979540961465,
0,126979539899782,126979539899782,126979528000000,126979534899782,126979540320595,126979542456826,126979542456826,126979542548379,126979543128212,126979543585976,126979543799599,126979546637734,126979548468788,305176,396728,126979559424599,
0,126979556505517,126979556505517,126979542000000,126979549000000,126979556861123,126979558387002,126979558417519,126979558509072,126979559088906,126979559943398,126979561652383,126979564337930,126979566138467,305176,335694,126979575324257,
0,126979570647908,126979570647908,126979559000000,126979565647908,126979570960244,126979573279580,126979573279580,126979573401650,126979573584756,126979573950966,126979574195107,126979579322060,126979581336220,396728,335693,126979589881141,
0,126979587294483,126979587294483,9223372036854775807,0,126979587622841,126979587653358,126979588507850,126979588629921,126979589240272,126979589911659,126979590155799,126979592871864,126979595526893,1007080,335693,126979602942665,
0,126979603617533,126979603617533,9223372036854775807,0,126979604499061,126979604499061,126979606238563,126979606360633,126979606543739,126979606879432,126979607062538,126979609900672,126979611670693,335695,305176,126979619147499,
0,126979620114861,126979620114861,9223372036854775807,0,126979620459756,126979620459756,126979621558388,126979621680459,126979622229775,126979622565468,126979622748574,126979625464638,126979627265175,274658,366211,126979634711465,
0,126979636741475,126979636741475,9223372036854775807,0,126979637000283,126979637030800,126979637335976,126979637732705,126979637915810,126979638770302,126979638953408,126979641669473,126979643378457,305176,305176,126979650977334,
0,126979653376141,126979653376141,9223372036854775807,0,126979653907021,126979653907021,126979655829628,126979655951699,126979656531533,126979656836708,126979657050331,126979660071572,126979662238319,518799,305175,126979669593055,
0,126979670025364,126979670025364,9223372036854775807,0,126979670569618,126979670600135,126979671790321,126979671942909,126979672492225,126979672797401,126979673011024,126979675727088,126979677527625,305176,335693,126979684943397,
0,126979686662040,126979686662040,9223372036854775807,0,126979686988075,126979686988075,126979687598426,126979687720497,126979687903602,126979688391883,126979688605506,126979691718300,126979693488319,274658,274659,126979700995644,
0,126979703311661,126979703311661,9223372036854775807,0,126979703650673,126979703650673,126979704718789,126979704840859,126979705390175,126979705725869,126979705939492,126979708655556,126979710517129,335693,396729,126979717932900,
0,126979719965001,126979719965001,9223372036854775807,0,126979720771036,126979720771036,126979721930704,126979722052774,126979722235879,126979722602090,126979722815713,126979725592813,126979727301797,274658,305176,126979734778603,
0,126979736621587,126979736621587,9223372036854775807,0,126979737464150,126979737464150,126979738806923,126979738928993,126979739508827,126979739844521,126979741431435,126979744086464,126979745825966,305176,274658,126979753302772,
0,126979753302379,126979753302379,9223372036854775807,0,126979754431922,126979754462440,126979755439002,126979755561073,126979755774696,126979756110389,126979756324012,126979759101111,126979760871132,274658,305176,126979768286903,
0,126979769961475,126979769961475,9223372036854775807,0,126979771033486,126979771064003,126979771369179,126979771491249,126979771674355,126979772071083,126979772254189,126979774848183,126979776526649,274658,274659,126979784064492,
0,126979786624072,126979786624072,9223372036854775807,0,126979786902626,126979786902626,126979787909706,126979788031777,126979788550575,126979788916786,126979789191445,126979792243203,126979794104775,305176,366211,126979801490030,
0,126979803287823,126979803287823,9223372036854775807,0,126979803595742,126979803595742,126979803931436,126979804358682,126979804541787,126979804938516,126979805091104,126979807868203,126979809546670,274658,274659,126979817053994,
0,126979819923992,126979819923992,9223372036854775807,0,126979820410927,126979820410927,126979821387489,126979821540077,126979822150429,126979822516640,126979822699745,126979825690468,126979827491005,274658,335694,126979834967811,
0,126979836590368,126979836590368,9223372036854775807,0,126979836951453,126979836951453,126979837928016,126979838080604,126979838233192,126979838660438,126979838843543,126979841986854,126979844001014,244140,549317,126979851172646,
0,126979853256037,126979853256037,9223372036854775807,0,126979853583534,126979853583534,126979854071816,126979854193886,126979854376991,126979855414589,126979855567177,126979858222206,126979859992225,274658,335693,126979867407997,
0,126979869938309,126979869938309,9223372036854775807,0,126979870215615,126979870215615,126979871222695,126979871344766,126979871924600,126979872229775,126979872443398,126979875220498,126979877051552,274658,335694,126979884467324,
0,126979886631309,126979886631309,9223372036854775807,0,126979886908731,126979886908731,126979887671670,126979887793740,126979887976846,126979888312539,126979888556680,126979891394814,126979893073281,274659,274658,126979900550087,
0,126979903821885,126979903821885,9223372036854775807,0,126979904700478,126979904700478,126979905158241,126979905585487,126979905768593,126979906104286,126979906287391,126979908911903,126979910773475,274658,396728,126979918128211,
0,126979920533104,126979920533104,9223372036854775807,0,126979921729286,126979921729286,126979922919472,126979923041542,126979923621376,126979923926552,126979924109657,126979926886756,126979928595741,305175,305175,126979936133583,
0,126979937213379,126979937213379,9223372036854775807,0,126979937537392,126979937537392,126979938391884,126979938513954,126979938697059,126979939307411,126979939521034,126979942633828,126979944373330,305176,274658,126979951880654,
0,126979953900253,126979953900253,9223372036854775807,0,126979954199990,126979954230508,126979954840859,126979954932412,126979955115517,126979956000527,126979956153115,126979958808144,126979960608682,274658,335693,126979967993936,
0,126979970595518,126979970595518,9223372036854775807,0,126979970893105,126979970893105,126979971808633,126979971930703,126979972113808,126979972632607,126979972815713,126979975470742,126979977332314,244141,396729,126979984687050,
0,126979987282965,126979987282965,9223372036854775807,0,126979987616737,126979987616737,126979988562782,126979988684852,126979989264686,126979989630897,126979989814003,126979993293006,126979995185096,335694,366211,126980002600868,
0,126980003969503,126980003969503,9223372036854775807,0,126980004798134,126980004798134,126980005957801,126980006110389,126980006293495,126980006629188,126980007025917,126980009741981,126980011695107,335694,305176,126980018988807,
0,126980020662251,126980020662251,9223372036854775807,0,126980020972451,126980020972451,126980021491250,126980021674355,126980021857461,126980022193154,126980022559365,126980025733193,126980027991493,335693,427246,126980034918984,
0,126980037345813,126980037345813,9223372036854775807,0,126980037665566,126980037665566,126980038489541,126980038642129,126980038825234,126980039130410,126980039527138,126980042670450,126980044654092,305176,396729,126980051917275,
0,126980054031675,126980054031675,9223372036854775807,0,126980054389199,126980054389199,126980055335244,126980055457314,126980056128701,126980056464394,126980059882363,126980062934120,126980065161903,335693,305175,126980072425086,
0,126980070722552,126980070722552,9223372036854775807,0,126980071051795,126980071051795,126980071875770,126980071997840,126980072211463,126980072913368,126980073096473,126980075812537,126980077582557,274658,366210,126980085028846,
0,126980087410298,126980087410298,9223372036854775807,0,126980087775428,126980087775428,126980088507850,126980088629920,126980088813026,126980089270789,126980089514930,126980092475136,126980094153603,274658,274658,126980101660927,
0,126980104098549,126980104098549,9223372036854775807,0,126980104651650,126980104651650,126980105262001,126980105414589,126980105567177,126980106024941,126980106269081,126980109015663,126980110785684,244141,305176,126980118201455,
0,126980120781536,126980120781536,9223372036854775807,0,126980121649942,126980121649942,126980122107705,126980122534952,126980122718057,126980123053750,126980123236856,126980125922403,126980127600869,274658,274658,126980135077675,
0,126980137466835,126980137466835,9223372036854775807,0,126980138282021,126980138282021,126980138739785,126980139136513,126980139319618,126980139655312,126980139807900,126980143225868,126980145240028,305176,305175,126980152686317,
0,126980154154421,126980154154421,9223372036854775807,0,126980154456336,126980154456336,126980155982215,126980156104285,126980156684119,126980157019813,126980157233436,126980159949500,126980161811073,305176,366211,126980169226844,
0,126980170844500,126980170844500,9223372036854775807,0,126980171118935,126980171118935,126980171912392,126980172064980,126980172248085,126980173011025,126980173194130,126980175879677,126980177649696,274658,366211,126980185095986,
0,126980187527292,126980187527292,9223372036854775807,0,126980187781533,126980187812050,126980188544472,126980188666542,126980188849648,126980189978798,126980190924844,126980193640908,126980195319375,305175,305176,126980202857217,
0,126980204214395,126980204214395,9223372036854775807,0,126980204505166,126980204505166,126980205237588,126980205359658,126980205542764,126980206244668,126980206427774,126980209082803,126980210852822,274658,305176,126980218268593,
0,126980220899107,126980220899107,9223372036854775807,0,126980221228798,126980221228798,126980221564491,126980221686562,126980221839150,126980222205360,126980222541054,126980225409706,126980227057655,274658,274658,126980234564979,
0,126980237586119,126980237586119,9223372036854775807,0,126980237921912,126980237921912,126980238257606,126980238654334,126980238837440,126980239203650,126980239386756,126980242438515,126980244178016,274658,274658,126980251685341,
0,126980254275430,126980254275430,9223372036854775807,0,126980254615028,126980254615028,126980254981239,126980255133827,126980255316933,126980256079872,126980256262978,126980259467323,126980261573037,305176,396729,126980268805702,
0,126980270962530,126980270962530,9223372036854775807,0,126980271308145,126980271308145,126980271674356,126980272101602,126980272315225,126980273322305,126980273505410,126980276557168,126980278601845,305176,366211,126980285803994,
0,126980287658750,126980287658750,9223372036854775807,0,126980288581094,126980288581094,126980289130410,126980289252480,126980289832314,126980290290078,126980290473183,126980293494424,126980295569619,366211,305176,126980303137978,
0,126980304346404,126980304346404,9223372036854775807,0,126980305579384,126980305579384,126980306983192,126980307105263,126980307776649,126980308142860,126980308356483,126980311560829,126980313697059,335693,427247,126980320868690,
0,126980321032266,126980321032266,9223372036854775807,0,126980321936806,126980321936806,126980323035438,126980323218544,126980323401649,126980323798378,126980324012001,126980327124794,126980329108436,305176,335693,126980336432655,
0,126980337720428,126980337720428,9223372036854775807,0,126980338660438,126980338660438,126980339179237,126980339637001,126980339881141,126980340277871,126980340460976,126980343604287,126980345557412,305176,335694,126980352912148,
0,126980354410877,126980354410877,9223372036854775807,0,126980355353555,126980355353555,126980355872353,126980356360635,126980356604775,126980356940468,126980357154092,126980360266885,126980362220010,305176,305175,126980369605264,
0,126980371099127,126980371099127,9223372036854775807,0,126980372016152,126980372016152,126980373328408,126980373480996,126980373664101,126980374060830,126980374274453,126980377356728,126980379340370,305175,305176,126980386664589,
0,126980387792517,126980387792517,9223372036854775807,0,126980388678749,126980388678749,126980389228065,126980389685829,126980389960487,126980390326698,126980390509803,126980393592079,126980395636756,366211,335693,126980402960975,
0,126980404480790,126980404480790,9223372036854775807,0,126980405371864,126980405371864,126980405890663,126980406378944,126980406623085,126980406989296,126980407172401,126980410346230,126980412329872,305176,305176,126980419593055,
0,126980421174203,126980421174203,9223372036854775807,0,126980422064980,126980422064980,126980422705849,126980423194130,126980423438271,126980423773964,126980423957070,126980427527626,126980429511269,305176,335693,126980436835488,
0,126980437869340,126980437869340,9223372036854775807,0,126980438788613,126980438788613,126980439795693,126980440009316,126980440192421,126980440558633,126980440741739,126980443885049,126980445868692,305176,305176,126980453192910,
0,126980454554728,126980454554728,9223372036854775807,0,126980455451211,126980455451211,126980455970009,126980456122597,126980456702431,126980457099160,126980457282265,126980460486611,126980462470253,305176,305176,126980469733436,
0,126980471241828,126980471241828,9223372036854775807,0,126980472174842,126980472174842,126980472693641,126980473212440,126980473456581,126980473822791,126980474005897,126980477149207,126980479102332,305176,305176,126980486365516,
0,126980487930653,126980487930653,9223372036854775807,0,126980488867958,126980488867958,126980489386756,126980489508827,126980490088661,126980490485390,126980490668495,126980493750771,126980495734413,305176,305175,126980503058632,
0,126980504621191,126980504621191,9223372036854775807,0,126980505561074,126980505561074,126980506079872,126980506568154,126980506812294,126980507147988,126980507331093,126980510504922,126980512458047,305176,305176,126980519782265,
0,126980521313465,126980521313465,9223372036854775807,0,126980522193155,126980522223672,126980522772989,126980523230752,126980523474893,126980523841104,126980524024209,126980527198037,126980529151162,305176,305176,126980536475380,
0,126980537995978,126980537995978,9223372036854775807,0,126980538916786,126980538916786,126980539893349,126980540076454,126980540259560,126980540656288,126980540839394,126980543921669,126980545905311,305176,335694,126980553229530,
0,126980554680216,126980554680216,9223372036854775807,0,126980555945594,126980555945594,126980557379920,126980557563026,126980557807166,126980558356483,126980558631141,126980562903602,126980565924842,488281,732421,126980572425087,
0,126980571366166,126980571366166,9223372036854775807,0,126980572669228,126980572669228,126980573950966,126980574134071,126980574408730,126980574988564,126980575232704,126980579779823,126980582892617,549317,610351,126980589453896,
0,126980588054968,126980588054968,9223372036854775807,0,126980589240273,126980589240273,126980590460977,126980590644082,126980590888223,126980591407022,126980591925820,126980596106728,126980599158486,488281,610351,126980606238565,
0,126980604739346,126980604739346,9223372036854775807,0,126980605109414,126980605109414,126980605963906,126980606085977,126980606269082,126980607581338,126980607794961,126980610785683,126980612708291,335693,335694,126977784766397,
0,126980621427390,126980621427390,9223372036854775807,0,126980622290810,126980622321327,126980622809609,126980623358925,126980623603066,126980623969276,126980624152382,126980627021034,126980628974159,305176,396729,126977802832802,
0,126980638110411,126980638110411,9223372036854775807,0,126980639014442,126980639014442,126980639502723,126980640143593,126980640357216,126980640723427,126980640937050,126980643592079,126980645392616,335693,274658,126977818213660,
---PROFILEDATA---


View hierarchy:

  works.mees.dinghy/works.mees.dinghy.MainActivity/android.view.ViewRootImpl@262611e
  59 views, 77.84 kB of render nodes


Total ViewRootImpl   : 1
Total attached Views : 59
Total RenderNode     : 77.84 kB (used) / 319.69 kB (capacity)

