Applications Graphics Acceleration Info:
Uptime: 126972529 Realtime: 126972529

** Graphics info for pid 443 [works.mees.dinghy] **

Stats since: 126962229926308ns
Total frames rendered: 355
Janky frames: 13 (3.66%)
50th percentile: 9ms
90th percentile: 12ms
95th percentile: 15ms
99th percentile: 21ms
Number Missed Vsync: 1
Number High input latency: 343
Number Slow UI thread: 1
Number Slow bitmap uploads: 1
Number Slow issue draw commands: 3
Number Frame deadline missed: 6
HISTOGRAM: 5ms=0 6ms=4 7ms=62 8ms=109 9ms=117 10ms=13 11ms=10 12ms=5 13ms=9 14ms=5 15ms=5 16ms=3 17ms=1 18ms=5 19ms=1 20ms=2 21ms=1 22ms=1 23ms=0 24ms=0 25ms=1 26ms=1 27ms=0 28ms=0 29ms=0 30ms=0 31ms=0 32ms=0 34ms=0 36ms=0 38ms=0 40ms=0 42ms=0 44ms=0 46ms=0 48ms=0 53ms=0 57ms=0 61ms=0 65ms=0 69ms=0 73ms=0 77ms=0 81ms=0 85ms=0 89ms=0 93ms=0 97ms=0 101ms=0 105ms=0 109ms=0 113ms=0 117ms=0 121ms=0 125ms=0 129ms=0 133ms=0 150ms=0 200ms=0 250ms=0 300ms=0 350ms=0 400ms=0 450ms=0 500ms=0 550ms=0 600ms=0 650ms=0 700ms=0 750ms=0 800ms=0 850ms=0 900ms=0 950ms=0 1000ms=0 1050ms=0 1100ms=0 1150ms=0 1200ms=0 1250ms=0 1300ms=0 1350ms=0 1400ms=0 1450ms=0 1500ms=0 1550ms=0 1600ms=0 1650ms=0 1700ms=0 1750ms=0 1800ms=0 1850ms=0 1900ms=0 1950ms=0 2000ms=0 2050ms=0 2100ms=0 2150ms=0 2200ms=0 2250ms=0 2300ms=0 2350ms=0 2400ms=0 2450ms=0 2500ms=0 2550ms=0 2600ms=0 2650ms=0 2700ms=0 2750ms=0 2800ms=0 2850ms=0 2900ms=0 2950ms=0 3000ms=0 3050ms=0 3100ms=0 3150ms=0 3200ms=0 3250ms=0 3300ms=0 3350ms=0 3400ms=0 3450ms=0 3500ms=0 3550ms=0 3600ms=0 3650ms=0 3700ms=0 3750ms=0 3800ms=0 3850ms=0 3900ms=0 3950ms=0 4000ms=0 4050ms=0 4100ms=0 4150ms=0 4200ms=0 4250ms=0 4300ms=0 4350ms=0 4400ms=0 4450ms=0 4500ms=0 4550ms=0 4600ms=0 4650ms=0 4700ms=0 4750ms=0 4800ms=0 4850ms=0 4900ms=0 4950ms=0
50th gpu percentile: 20ms
90th gpu percentile: 21ms
95th gpu percentile: 22ms
99th gpu percentile: 22ms
GPU HISTOGRAM: 1ms=0 2ms=0 3ms=0 4ms=0 5ms=0 6ms=0 7ms=0 8ms=0 9ms=0 10ms=2 11ms=11 12ms=10 13ms=7 14ms=2 15ms=9 16ms=8 17ms=12 18ms=28 19ms=75 20ms=82 21ms=87 22ms=19 23ms=1 24ms=0 25ms=0 4950ms=2
Font Cache (CPU):
  Size: 340.01 kB 
  Glyph Count: 68 
CPU Caches:
GPU Caches:
  Other:
    Other: 27.16 KB (1 entry)
    Buffer Object: 2.05 KB (2 entries)
  Image:
    Texture: 0.00 bytes (92 entries)
  Scratch:
    Texture: 4.26 MB (2 entries)
    Buffer Object: 48.00 KB (1 entry)
Other Caches:
                         Current / Maximum
  Layers Total           0.00 KB (numLayers = 0)
Total GPU memory usage:
  4549168 bytes, 4.34 MB (271.39 KB is purgeable)


Pipeline=Skia (OpenGL)
Profile data in ms:

	works.mees.dinghy/works.mees.dinghy.MainActivity/android.view.ViewRootImpl@262611e (visibility=0)
Window: works.mees.dinghy/works.mees.dinghy.MainActivity
Stats since: 126962229926308ns
Total frames rendered: 355
Janky frames: 13 (3.66%)
50th percentile: 9ms
90th percentile: 12ms
95th percentile: 15ms
99th percentile: 21ms
Number Missed Vsync: 1
Number High input latency: 343
Number Slow UI thread: 1
Number Slow bitmap uploads: 1
Number Slow issue draw commands: 3
Number Frame deadline missed: 6
HISTOGRAM: 5ms=0 6ms=4 7ms=62 8ms=109 9ms=117 10ms=13 11ms=10 12ms=5 13ms=9 14ms=5 15ms=5 16ms=3 17ms=1 18ms=5 19ms=1 20ms=2 21ms=1 22ms=1 23ms=0 24ms=0 25ms=1 26ms=1 27ms=0 28ms=0 29ms=0 30ms=0 31ms=0 32ms=0 34ms=0 36ms=0 38ms=0 40ms=0 42ms=0 44ms=0 46ms=0 48ms=0 53ms=0 57ms=0 61ms=0 65ms=0 69ms=0 73ms=0 77ms=0 81ms=0 85ms=0 89ms=0 93ms=0 97ms=0 101ms=0 105ms=0 109ms=0 113ms=0 117ms=0 121ms=0 125ms=0 129ms=0 133ms=0 150ms=0 200ms=0 250ms=0 300ms=0 350ms=0 400ms=0 450ms=0 500ms=0 550ms=0 600ms=0 650ms=0 700ms=0 750ms=0 800ms=0 850ms=0 900ms=0 950ms=0 1000ms=0 1050ms=0 1100ms=0 1150ms=0 1200ms=0 1250ms=0 1300ms=0 1350ms=0 1400ms=0 1450ms=0 1500ms=0 1550ms=0 1600ms=0 1650ms=0 1700ms=0 1750ms=0 1800ms=0 1850ms=0 1900ms=0 1950ms=0 2000ms=0 2050ms=0 2100ms=0 2150ms=0 2200ms=0 2250ms=0 2300ms=0 2350ms=0 2400ms=0 2450ms=0 2500ms=0 2550ms=0 2600ms=0 2650ms=0 2700ms=0 2750ms=0 2800ms=0 2850ms=0 2900ms=0 2950ms=0 3000ms=0 3050ms=0 3100ms=0 3150ms=0 3200ms=0 3250ms=0 3300ms=0 3350ms=0 3400ms=0 3450ms=0 3500ms=0 3550ms=0 3600ms=0 3650ms=0 3700ms=0 3750ms=0 3800ms=0 3850ms=0 3900ms=0 3950ms=0 4000ms=0 4050ms=0 4100ms=0 4150ms=0 4200ms=0 4250ms=0 4300ms=0 4350ms=0 4400ms=0 4450ms=0 4500ms=0 4550ms=0 4600ms=0 4650ms=0 4700ms=0 4750ms=0 4800ms=0 4850ms=0 4900ms=0 4950ms=0
50th gpu percentile: 20ms
90th gpu percentile: 21ms
95th gpu percentile: 22ms
99th gpu percentile: 22ms
GPU HISTOGRAM: 1ms=0 2ms=0 3ms=0 4ms=0 5ms=0 6ms=0 7ms=0 8ms=0 9ms=0 10ms=2 11ms=11 12ms=10 13ms=7 14ms=2 15ms=9 16ms=8 17ms=12 18ms=28 19ms=75 20ms=82 21ms=87 22ms=19 23ms=1 24ms=0 25ms=0 4950ms=2


---PROFILEDATA---
Flags,IntendedVsync,Vsync,OldestInputEvent,NewestInputEvent,HandleInputStart,AnimationStart,PerformTraversalsStart,DrawStart,SyncQueued,SyncStart,IssueDrawCommandsStart,SwapBuffers,FrameCompleted,DequeueBufferDuration,QueueBufferDuration,GpuCompleted,
0,126969673255724,126969673255724,9223372036854775807,0,126969674109658,126969674109658,126969675482949,126969675635537,126969675849160,126969676184853,126969676459511,126969679572304,126969683417520,305176,305176,126969699469766,
0,126969689917523,126969689917523,9223372036854775807,0,126969690283975,126969690283975,126969691230020,126969691382608,126969691596231,126969691992960,126969692206583,126969695319375,126969699774942,305175,3112793,126969716376503,
0,126969706617729,126969706617729,9223372036854775807,0,126969707495888,126969707495888,126969708899697,126969709021767,126969709632119,126969710028847,126969710334023,126969718604286,126969720374306,335693,335694,126969733008583,
0,126969723303479,126969723303479,9223372036854775807,0,126969724494178,126969724494178,126969725257118,126969725409706,126969725592811,126969725959022,126969726172645,126969729254920,126969733283241,427246,2471924,126969749518593,
0,126969739942385,126969739942385,9223372036854775807,0,126969740271767,126969740271767,126969740668496,126969740821084,126969741034707,126969741492470,126969741889199,126969744696816,126969749793251,305176,3723144,126969766364297,
0,126969757120034,126969757120034,9223372036854775807,0,126969757453164,126969757453164,126969758612832,126969758765419,126969759375771,126969759680947,126969759955605,126969763190469,126969766974648,335693,2349854,126969782965859,
0,126969773822828,126969773822828,9223372036854775807,0,126969774146280,126969774146280,126969774573526,126969774756631,126969774939737,126969776587686,126969776801309,126969779822549,126969783210000,335693,2044678,126969799628456,
0,126969790513882,126969790513882,9223372036854775807,0,126969790900429,126969790900429,126969792121132,126969792273720,126969792456826,126969792823036,126969793006142,126969795783241,126969799872597,305175,2777099,126969816260536,
0,126969807204352,126969807204352,9223372036854775807,0,126969808112342,126969808112342,126969809180457,126969809363563,126969809546668,126969809882362,126969810553749,126969813239296,126969816535194,274658,1953125,126969833045205,
0,126969823913604,126969823913604,9223372036854775807,0,126969824774941,126969824774941,126969826117714,126969826239784,126969826850136,126969827185829,126969827399452,126969830268105,126969833411416,366211,1617432,126969849707803,
0,126969840600592,126969840600592,9223372036854775807,0,126969841498575,126969841498575,126969842017373,126969842475137,126969842749795,126969843054971,126969843268594,126969846411904,126969850104532,305176,2197266,126969866553506,
0,126969857283591,126969857283591,9223372036854775807,0,126969858283242,126969858283242,126969859626016,126969859778604,126969859992227,126969860388955,126969860633096,126969863288125,126969866919717,335693,2014160,126969883216102,
0,126969873968878,126969873968878,9223372036854775807,0,126969874854286,126969874854286,126969876746376,126969876898964,126969877082069,126969877478798,126969877997597,126969881232460,126969883673866,335693,762940,126969899817665,
0,126969890656465,126969890656465,9223372036854775807,0,126969890998085,126969891028603,126969891974648,126969892096718,126969892279823,126969892615517,126969893347939,126969896094520,126969900214394,396728,2624512,126969916632851,
0,126969907339376,126969907339376,9223372036854775807,0,126969908271034,126969908271034,126969909827431,126969909980019,126969910620889,126969910987100,126969911200723,126969920294961,126969922095498,305176,335693,126969933081827,
0,126969924029134,126969924029134,9223372036854775807,0,126969924933633,126969924933633,126969925940713,126969926123818,126969926337441,126969926673135,126969926886758,126969929999551,126969933448038,366211,1922607,126969949866494,
0,126969940715686,126969940715686,9223372036854775807,0,126969941687783,126969941687783,126969943000039,126969943122109,126969943396768,126969943701943,126969943946084,126969946692666,126969950202187,274659,2136230,126969966468055,
0,126969957401561,126969957401561,9223372036854775807,0,126969958350380,126969958350380,126969958838661,126969958960731,126969959571083,126969959876259,126969960120399,126969962866981,126969966712196,274659,2563476,126969983100136,
0,126969974089710,126969974089710,9223372036854775807,0,126969974982460,126969974982460,126969975470741,126969975928505,126969976172645,126969976477821,126969976660927,126969979499061,126969983374794,244141,2532959,126969999793251,
0,126969990780171,126969990780171,9223372036854775807,0,126969991095742,126969991095742,126969991492471,126969991889199,126969992102822,126969992957314,126969993140420,126969995948037,126970000098428,274659,2807617,126970016486368,
0,126970007465945,126970007465945,9223372036854775807,0,126970007819375,126970007819375,126970008216103,126970008368691,126970008551797,126970009436806,126970009680947,126970012366495,126970016761026,274658,3051758,126970033789833,
0,126970024150082,126970024150082,9223372036854775807,0,126970024878701,126970024878701,126970026160439,126970026343545,126970027259072,126970027564248,126970027777871,126970030616005,126970034308632,366211,2227783,126970049933631,
0,126970040838542,126970040838542,9223372036854775807,0,126970041724403,126970041724403,126970042731483,126970042945106,126970043128212,126970043524940,126970043708046,126970046790321,126970050208290,274658,2105713,126970066596230,
0,126970057525255,126970057525255,9223372036854775807,0,126970057868202,126970057868202,126970058905800,126970059027870,126970059241493,126970059729774,126970059943397,126970062659462,126970066840370,274658,2899170,126970083258828,
0,126970074216279,126970074216279,9223372036854775807,0,126970074530801,126970074530801,126970074927529,126970075080117,126970075232705,126970075690468,126970076087197,126970078681191,126970083533487,274658,3570557,126970099860391,
0,126970090909604,126970090909604,9223372036854775807,0,126970091773233,126970091773233,126970092261514,126970092719278,126970092932901,126970093238077,126970093421182,126970096137247,126970100165567,305176,2716065,126970116645058,
0,126970107593752,126970107593752,9223372036854775807,0,126970108222207,126970108222207,126970108679970,126970108832558,126970109015664,126970110144814,126970110358437,126970113105019,126970116919716,274658,2532959,126970133307655,
0,126970124281513,126970124281513,9223372036854775807,0,126970125281532,126970125281532,126970126929481,126970127082069,126970127265174,126970127600868,126970127783973,126970130591591,126970133582314,305176,1678466,126970149970253,
0,126970140968914,126970140968914,9223372036854775807,0,126970141303261,126970141303261,126970142035683,126970142188271,126970142371376,126970142798623,126970142981728,126970145728310,126970150244912,274659,3204346,126970166754922,
0,126970157655451,126970157655451,9223372036854775807,0,126970157996377,126970157996377,126970158850869,126970159003457,126970159156044,126970159888466,126970160071573,126970162879190,126970167029580,305176,2838135,126970183356484,
0,126970174341224,126970174341224,9223372036854775807,0,126970175025186,126970175025186,126970175452432,126970175574502,126970175757608,126970176428995,126970177161416,126970179846963,126970183844766,274658,244141,126970200293739,
0,126970191025361,126970191025361,9223372036854775807,0,126970191382607,126970191382607,126970192511757,126970192633828,126970193274697,126970193579872,126970193793495,126970200385292,126970202124794,335694,305176,126970216773231,
0,126970207711798,126970207711798,9223372036854775807,0,126970208075721,126970208106239,126970208502967,126970208655555,126970208838661,126970209357459,126970209784705,126970212531288,126970217047890,305176,3234863,126970233527383,
0,126970224400095,126970224400095,9223372036854775807,0,126970224646767,126970224677285,126970225074013,126970225470742,126970225684365,126970226660927,126970226844032,126970229376991,126970233802041,274659,3051758,126970250251016,
0,126970241092385,126970241092385,9223372036854775807,0,126970241400918,126970241400918,126970241828164,126970241950235,126970242133340,126970242469033,126970242896280,126970246466836,126970250708780,366210,2624513,126970267127236,
0,126970257779809,126970257779809,9223372036854775807,0,126970258826455,126970258826455,126970259864053,126970260077676,126970260260781,126970260626992,126970260810098,126970263556680,126970267615517,549316,2166748,126970283820350,
0,126970274470359,126970274470359,9223372036854775807,0,126970274817665,126970274817665,126970275794228,126970275946816,126970276129921,126970276770790,126970277228554,126970280097206,126970284278114,366211,2593994,126970300574502,
0,126970291155646,126970291155646,9223372036854775807,0,126970291510780,126970291510780,126970291968544,126970292395790,126970292639931,126970292975624,126970293463905,126970296271522,126970301032265,610351,2655030,126970316931923,
0,126970307843233,126970307843233,9223372036854775807,0,126970308844765,126970308844765,126970310553750,126970310736855,126970311133584,126970311499795,126970311682900,126970314398965,126970317206582,244140,1525879,126970333564005,
0,126970324526144,126970324526144,9223372036854775807,0,126970324866494,126970324866494,126970325568399,126970325690469,126970325904092,126970326270303,126970326697549,126970329444131,126970333838663,305176,3021240,126970350257119,
0,126970341214393,126970341214393,9223372036854775807,0,126970342108926,126970342108926,126970342597207,126970343054971,126970343299111,126970343634805,126970343817910,126970346442422,126970350531777,335693,2685547,126970366950233,
0,126970357904356,126970357904356,9223372036854775807,0,126970358771522,126970358802040,126970359259804,126970359717567,126970359900673,126970360663612,126970360877235,126970363715370,126970367224891,335693,2136231,126970383643349,
0,126970374589081,126970374589081,9223372036854775807,0,126970375220497,126970375220497,126970377814491,126970377936561,126970378150184,126970378485878,126970378668983,126970381446084,126970383918007,305176,1190186,126970400428018,
0,126970391276092,126970391276092,9223372036854775807,0,126970391608437,126970391608437,126970392676553,126970392798623,126970393012246,126970393683633,126970393958291,126970396857461,126970400855264,305176,2258302,126970417090616,
0,126970407965391,126970407965391,9223372036854775807,0,126970408301553,126970408332070,126970408759316,126970408942422,126970409125527,126970409583291,126970409980019,126970413306436,126970417578897,396729,2624512,126970433844765,
0,126970424656991,126970424656991,9223372036854775807,0,126970425605019,126970425635537,126970426978310,126970427100381,126970427405556,126970428168496,126970428534707,126970431616982,126970434272011,366211,1068115,126970450446327,
0,126970441349495,126970441349495,9223372036854775807,0,126970442298134,126970442298134,126970442816932,126970443610389,126970444007118,126970444342811,126970444739540,126970447608192,126970450843056,335693,1617433,126970467261513,
0,126970458035449,126970458035449,9223372036854775807,0,126970458960731,126970458960731,126970460639199,126970460822304,126970461035927,126970461463173,126970461859902,126970464881142,126970467688759,305175,1342773,126970484015664,
0,126970474723518,126970474723518,9223372036854775807,0,126970475104531,126970475104531,126970475562295,126970475714883,126970475928506,126970476447304,126970476660927,126970479529580,126970484320840,366211,3173828,126970502265176,
0,126970491411539,126970491411539,9223372036854775807,0,126970492804727,126970492804727,126970493872842,126970493994913,126970494208536,126970524817665,126970526313026,126970529425819,126970531287392,305176,366211,126970539893348,
0,126970508097489,126970524764156,9223372036854775807,0,126970525336463,126970525336463,126970526007850,126970526129920,126970526313026,126970531592568,126970531775673,126970534369667,126970540137490,213623,4638672,126970549842079,
0,126971393346439,126971393346439,126971379000000,126971379000000,126971393622597,126971396064003,126971396277626,126971396369179,126971396918495,126971397437294,126971397620400,126971400611122,126971414801796,701904,549316,126971426367958,
0,126971410046162,126971410046162,126971397000000,126971405000000,126971411078652,126971413123329,126971413153847,126971413245400,126971413825234,126971415137489,126971415381630,126971418158729,126971426673134,335693,7080079,126971433051309,
0,126971426745885,126971426745885,126971414000000,126971421745885,126971427680214,126971431250772,126971431250772,126971431342324,126971431555947,126971432196816,126971432410439,126971435157021,126971436988076,335693,305176,126971445563516,
0,126971443322153,126971443322153,126971431000000,126971438322153,126971444373330,126971448706826,126971448737344,126971448828896,126971451758585,126971452185831,126971452429971,126971455268106,126971458289346,1403809,366211,126971467017373,
0,126971460020132,126971460020132,9223372036854775807,0,126971460974893,126971461005410,126971462226113,126971462439736,126971465460976,126971465857705,126971466071328,126971469092568,126971470862587,366211,335694,126971482062538,
0,126971474260492,126971474260492,9223372036854775807,0,126971474951943,126971474951943,126971475867470,126971475989540,126971476538857,126971476905068,126971477118691,126971479834755,126971482398231,518799,915527,126971498725136,
0,126971490920563,126971490920563,9223372036854775807,0,126971491645058,126971491645058,126971492743691,126971492896279,126971493109902,126971493476112,126971493720253,126971496772011,126971499457557,335693,335694,126971515753945,
0,126971506781686,126971506781686,9223372036854775807,0,126971507697304,126971507697304,126971509345253,126971509528359,126971513068398,126971513465127,126971513678750,126971516883095,126971519873818,335693,305176,126971532202921,
0,126971523005142,126971523005142,9223372036854775807,0,126971524054727,126971524054727,126971525183877,126971525336465,126971525672158,126971526160440,126971526496133,126971529822549,126971537207803,396730,366211,126971548804482,
0,126971539575683,126971539575683,9223372036854775807,0,126971539832315,126971539832315,126971540991983,126971541175088,126971541754922,126971542151651,126971542395791,126971545508584,126971549170693,335693,1892090,126971565253456,
0,126971556176907,126971556176907,9223372036854775807,0,126971556494911,126971556494911,126971556922157,126971557349403,126971557563027,126971557959755,126971558142860,126971561438759,126971565528114,274658,2746582,126971582007607,
0,126971572814686,126971572814686,9223372036854775807,0,126971573645790,126971573676308,126971575232704,126971575354774,126971576300819,126971576697548,126971576941688,126971580359658,126971582282265,335693,488281,126971598731240,
0,126971589433518,126971589433518,9223372036854775807,0,126971589698036,126971589698036,126971590552529,126971590705117,126971591651162,126971592017373,126971592292031,126971595099648,126971599036416,305176,2502442,126971615454874,
0,126971606059697,126971606059697,9223372036854775807,0,126971606330117,126971606360635,126971607184609,126971607306680,126971607489785,126971608466348,126971608710488,126971611762247,126971615851602,518799,2471923,126971632025917,
0,126971622694677,126971622694677,9223372036854775807,0,126971622962197,126971622962197,126971623480996,126971623603066,126971623816689,126971624243936,126971624427041,126971627143105,126971632422646,274659,3967285,126971648810584,
0,126971639335806,126971639335806,9223372036854775807,0,126971639594276,126971639594276,126971641547401,126971641699989,126971642615516,126971643012245,126971643256386,126971646308143,126971649115760,305176,1373291,126971665351113,
0,126971655994896,126971655994896,9223372036854775807,0,126971656867226,126971656867226,126971657965858,126971658087929,126971658301552,126971658637245,126971658820350,126971662329873,126971665656288,305176,1708984,126971682166299,
0,126971672642505,126971672642505,9223372036854775807,0,126971673163613,126971673163613,126971674018105,126971674140176,126971675055703,126971675421914,126971675666054,126971678626259,126971682471475,366210,2410889,126971698798379,
0,126971689276424,126971689276424,9223372036854775807,0,126971689551553,126971689551553,126971690283975,126971690406046,126971690619669,126971691352091,126971691596231,126971694922647,126971699042520,305176,2807617,126971715552529,
0,126971705925141,126971705925141,9223372036854775807,0,126971706214150,126971706214150,126971707007607,126971707160195,126971707740029,126971708136758,126971708350381,126971711219033,126971715888222,335693,3234863,126971732184609,
0,126971722620373,126971722620373,9223372036854775807,0,126971722876747,126971722876747,126971723670204,126971723822792,126971724036415,126971724433143,126971724616249,126971727545936,126971732428749,305176,3570557,126971748755654,
0,126971739280757,126971739280757,9223372036854775807,0,126971739600380,126971739600380,126971740424355,126971740576943,126971740790566,126971741156777,126971741339883,126971744208535,126971749060829,274658,3570556,126971765662393,
0,126971755944798,126971755944798,9223372036854775807,0,126971756781777,126971756781777,126971758094033,126971758216103,126971758795937,126971759192666,126971759406289,126971763404092,126971765998086,366211,1098633,126971782294473,
0,126971772660587,126971772660587,9223372036854775807,0,126971772986612,126971772986612,126971773719034,126971773841104,126971774054727,126971774787149,126971774970255,126971777960977,126971782874307,274658,3570556,126971798896034,
0,126971789633326,126971789633326,9223372036854775807,0,126971790595254,126971790595254,126971792090615,126971792243203,126971792517861,126971792884072,126971793158730,126971795996865,126971799140175,274658,1861573,126971815467079,
0,126971806465444,126971806465444,9223372036854775807,0,126971806647499,126971806647499,126971807135780,126971807288368,126971807501991,126971808112342,126971808448036,126971811072548,126971815741737,488281,3173827,126971832282266,
0,126971823152455,126971823152455,9223372036854775807,0,126971823493203,126971823493203,126971824652871,126971824805458,126971825415810,126971825812538,126971825995644,126971831458291,126971833258828,366211,305176,126971848975381,
0,126971839837077,126971839837077,9223372036854775807,0,126971840247354,126971840247354,126971841193399,126971841315469,126971841529092,126971841834268,126971842108926,126971844916543,126971849250039,274659,2960205,126971865576943,
0,126971856520077,126971856520077,9223372036854775807,0,126971857123575,126971857123575,126971858069620,126971858222207,126971858405313,126971858741006,126971858924112,126971861792764,126971866034707,274658,2929688,126971882239540,
0,126971873205364,126971873205364,9223372036854775807,0,126971874152382,126971874152382,126971875189980,126971875342568,126971875525673,126971875891884,126971876074990,126971878699501,126971882544716,366211,2410889,126971899085243,
0,126971889896078,126971889896078,9223372036854775807,0,126971890204628,126971890235146,126971892310341,126971892493447,126971893103798,126971893439491,126971893653114,126971896887978,126971899604042,366211,1159668,126971915808877,
0,126971906582837,126971906582837,9223372036854775807,0,126971906928261,126971906958779,126971908057411,126971908209999,126971908393105,126971909003456,126971909735878,126971912512979,126971916205605,366211,2075195,126971932471475,
0,126971923275011,126971923275011,9223372036854775807,0,126971924292764,126971924323282,126971925849160,126971926001748,126971926215371,126971926581582,126971927008828,126971930091104,126971932868204,305176,1129150,126971949225625,
0,126971939956584,126971939956584,9223372036854775807,0,126971940985879,126971940985879,126971941992959,126971942145547,126971942359170,126971942694863,126971943183145,126971946051797,126971950354775,335694,2593994,126971965735633,
0,126971956643297,126971956643297,9223372036854775807,0,126971957007607,126971957007607,126971957862099,126971957984169,126971958197792,126971958930214,126971959143837,126971962195595,126971966010292,274658,2471924,126971982550820,
0,126971973330884,126971973330884,9223372036854775807,0,126971973670204,126971973670204,126971974829872,126971975012978,126971975592812,126971975959022,126971976172646,126971978736122,126971983008584,366211,2380371,126971999091347,
0,126971990020758,126971990020758,9223372036854775807,0,126971990332803,126971990332803,126971991400918,126971991522988,126971991736611,126971992285928,126971992499551,126971995429238,126971999366005,274658,2624511,126972015723428,
0,126972006712933,126972006712933,9223372036854775807,0,126972007056436,126972007056436,126972007483682,126972007636270,126972007788857,126972008277139,126972008643350,126972011359415,126972015998086,274658,3326416,126972032447060,
0,126972023395931,126972023395931,9223372036854775807,0,126972023719033,126972023719033,126972024115762,126972024512490,126972024726113,126972025519570,126972025702676,126972028449258,126972032721718,274658,2960205,126972049109657,
0,126972040081218,126972040081218,9223372036854775807,0,126972040442665,126972040442665,126972040869911,126972041022499,126972041205604,126972041693886,126972042060097,126972044776161,126972049384315,305176,3265381,126972065833290,
0,126972056768805,126972056768805,9223372036854775807,0,126972057074745,126972057074745,126972057471474,126972057868202,126972058081825,126972058905800,126972059088905,126972062354287,126972066077431,518799,2197266,126972082648477,
0,126972073458692,126972073458692,9223372036854775807,0,126972074317178,126972074347695,126972075843056,126972075965127,126972076972207,126972077338418,126972077552041,126972080939493,126972083075723,305176,671387,126972099219521,
0,126972090153084,126972090153084,9223372036854775807,0,126972090705117,126972090705117,126972091559609,126972091681680,126972091925820,126972092627724,126972092871865,126972095557412,126972099494179,274658,2593994,126972115882117,
0,126972106840829,126972106840829,9223372036854775807,0,126972107154091,126972107184608,126972107581337,126972107733925,126972107917030,126972108405311,126972108771522,126972112494666,126972116156776,427246,2197265,126972132636269,
0,126972123525553,126972123525553,9223372036854775807,0,126972123847206,126972123847206,126972124884803,126972125006874,126972125220497,126972125739296,126972125952919,126972128638465,126972132941445,274659,2960206,126972149237831,
0,126972140212564,126972140212564,9223372036854775807,0,126972140601357,126972140601357,126972141913613,126972142035683,126972142218789,126972142615517,126972143134316,126972145789345,126972149512489,274658,2441406,126972165991983,
0,126972156901345,126972156901345,9223372036854775807,0,126972157263955,126972157263955,126972158179482,126972158332070,126972158484658,126972159186562,126972159339150,126972162207803,126972166236123,366211,2655029,126972182563027,
0,126972173588976,126972173588976,9223372036854775807,0,126972173926553,126972173926553,126972174353799,126972174506387,126972174658975,126972175635538,126972175818643,126972178534707,126972182837686,305176,3021240,126972199317177,
0,126972190273985,126972190273985,9223372036854775807,0,126972190589150,126972190619668,126972191443642,126972191596230,126972191779336,126972192450722,126972192633828,126972195380410,126972199591835,274658,2899170,126972216010292,
0,126972206961363,126972206961363,9223372036854775807,0,126972207312782,126972207312782,126972207892616,126972208014686,126972208228309,126972208625038,126972208991249,126972211859902,126972216284950,366211,3051758,126972232672891,
0,126972223654213,126972223654213,9223372036854775807,0,126972224036416,126972224036416,126972224707802,126972224860390,126972225043496,126972225836953,126972225989540,126972228736122,126972232947549,274658,2929689,126972249396523,
0,126972240341787,126972240341787,9223372036854775807,0,126972241309366,126972241309366,126972241828165,126972242285928,126972242499551,126972242835245,126972243048868,126972245734414,126972249671182,274659,2563477,126972266333778,
0,126972257031674,126972257031674,9223372036854775807,0,126972257941445,126972257941445,126972259284218,126972259406288,126972259986122,126972260413368,126972260657509,126972263495644,126972266791542,335693,1770020,126972282843788,
0,126972273719349,126972273719349,9223372036854775807,0,126972274024207,126972274024207,126972274451453,126972274604041,126972274787147,126972275275428,126972275794227,126972278571326,126972283118446,274659,3204346,126972299506386,
0,126972290405118,126972290405118,9223372036854775807,0,126972290686806,126972290717324,126972291114052,126972291510781,126972291724404,126972292487343,126972292670448,126972295233925,126972299750526,305176,3234863,126972316138467,
0,126972307092886,126972307092886,9223372036854775807,0,126972307471474,126972307532509,126972308020790,126972308142861,126972308356484,126972309088906,126972309302529,126972312995156,126972316565713,335694,1953125,126972332892617,
0,126972323779322,126972323779322,9223372036854775807,0,126972324652871,126972324652871,126972325171670,126972325598916,126972325812539,126972326178750,126972326422891,126972329108437,126972333136758,305175,2624511,126972349555214,
0,126972340468059,126972340468059,9223372036854775807,0,126972341376503,126972341376503,126972341864784,126972342322548,126972342536171,126972342871864,126972343116005,126972345771034,126972349799354,305175,2685547,126972366156776,
0,126972357154597,126972357154597,9223372036854775807,0,126972358039100,126972358039100,126972359198768,126972359320838,126972359503943,126972359870154,126972360053260,126972363043983,126972366461952,244141,2075195,126972382849892,
0,126972373835871,126972373835871,9223372036854775807,0,126972374762734,126972374762734,126972375251015,126972375678261,126972375922401,126972376258095,126972376471718,126972379126747,126972383155068,274658,2593994,126972399604043,
0,126972390518433,126972390518433,9223372036854775807,0,126972391242227,126972391242227,126972392920693,126972393134316,126972393317422,126972393683633,126972393866738,126972396552285,126972399878701,335693,1953125,126972416236123,
0,126972407206491,126972407206491,9223372036854775807,0,126972407599649,126972407599649,126972408301553,126972408454141,126972408637246,126972409064492,126972409339150,126972412360390,126972416510781,274658,2838134,126972432898719,
0,126972423893456,126972423893456,9223372036854775807,0,126972424231728,126972424231728,126972424933632,126972425055702,126972425269325,126972426032265,126972426215370,126972428900917,126972433173377,274658,2868652,126972449622352,
0,126972440583918,126972440583918,9223372036854775807,0,126972441474159,126972441474159,126972443000038,126972443152626,126972443335731,126972443671425,126972443824013,126972446845253,126972450141152,366211,1708985,126972466407021,
0,126972457272168,126972457272168,9223372036854775807,0,126972457678993,126972457709511,126972458411415,126972458594520,126972458777626,126972459784706,126972460395058,126972463477334,126972466681679,366211,1586914,126972483222207,
0,126972473955154,126972473955154,9223372036854775807,0,126972474311074,126972474311074,126972474738320,126972474890908,126972475104531,126972476081094,126972476294717,126972479193886,126972483496866,396728,2685546,126972499884804,
0,126972490640454,126972490640454,9223372036854775807,0,126972490973672,126972490973672,126972491400918,126972491828164,126972492041787,126972492469033,126972492652138,126972495459755,126972500434120,366211,335693,126969649481971,
0,126972507328041,126972507328041,9223372036854775807,0,126972507697304,126972507697304,126972508277137,126972508429725,126972508643348,126972509131630,126972509711464,126972512732704,126972516822059,366211,2349853,126969666297157,
0,126972524017914,126972524017914,9223372036854775807,0,126972526282508,126972526282508,126972526831825,126972526984413,126972527228553,126972527777870,126972528174598,126972531165322,126972533515175,549317,671387,126969682837686,
---PROFILEDATA---


View hierarchy:

  works.mees.dinghy/works.mees.dinghy.MainActivity/android.view.ViewRootImpl@262611e
  59 views, 77.84 kB of render nodes


Total ViewRootImpl   : 1
Total attached Views : 59
Total RenderNode     : 77.84 kB (used) / 319.69 kB (capacity)

